1 0.6578125 0.07083333333333333 0.1484375 0.1375
1 0.38125 0.35208333333333336 0.184375 0.25625
2 0.15 0.55 0.2984375 0.42291666666666666
0 0.2859375 0.7125 0.06875 0.09166666666666666
1 0.69375 0.5416666666666666 0.1640625 0.21875
1 0.546875 0.8770833333333333 0.1421875 0.2125
1 0.3953125 0.7291666666666666 0.2125 0.22291666666666668
1 0.66875 0.7479166666666667 0.1640625 0.21875
1 0.3703125 0.11458333333333333 0.1890625 0.225
1 0.9234375 0.34375 0.1515625 0.20416666666666666
1 0.9140625 0.22083333333333333 0.171875 0.17083333333333334
1 0.85625 0.07083333333333333 0.1484375 0.1375
1 0.5640625 0.20208333333333334 0.184375 0.22291666666666668
1 0.184375 0.11458333333333333 0.20625 0.1375