1 0.421875 0.8020833333333334 0.1765625 0.21875
1 0.609375 0.7854166666666667 0.16875 0.23541666666666666
1 0.3234375 0.7645833333333333 0.184375 0.18958333333333333
2 0.446875 0.3958333333333333 0.31875 0.4375
1 0.684375 0.9291666666666667 0.159375 0.1375
1 0.4265625 0.08541666666666667 0.140625 0.16875
1 0.2875 0.225 0.1484375 0.20833333333333334
1 0.665625 0.13333333333333333 0.1640625 0.2
1 0.8890625 0.5416666666666666 0.1859375 0.16666666666666666
1 0.6765625 0.4 0.1640625 0.2
1 0.309375 0.6 0.1859375 0.25416666666666665