1 0.5671875 0.24166666666666667 0.1703125 0.21458333333333332
1 0.3640625 0.675 0.140625 0.20833333333333334
0 0.9546875 0.8541666666666666 0.0640625 0.07916666666666666
1 0.7390625 0.6083333333333333 0.184375 0.19791666666666666
1 0.9390625 0.3541666666666667 0.1140625 0.22291666666666668
1 0.7 0.65 0.140625 0.19583333333333333
1 0.3109375 0.8979166666666667 0.159375 0.1625
1 0.259375 0.8166666666666667 0.1546875 0.2
1 0.8015625 0.29583333333333334 0.165625 0.21875
2 0.3109375 0.21875 0.3984375 0.43333333333333335
1 0.9328125 0.17708333333333334 0.1328125 0.19375
1 0.725 0.8833333333333333 0.15 0.22291666666666668