1 0.709375 0.55625 0.1453125 0.2
0 0.8234375 0.5604166666666667 0.0515625 0.06666666666666667
1 0.7734375 0.7020833333333333 0.1328125 0.19166666666666668
0 0.290625 0.07291666666666667 0.05 0.08333333333333333
1 0.39375 0.8583333333333333 0.159375 0.2375
1 0.53125 0.8833333333333333 0.1671875 0.23125
0 0.0921875 0.18333333333333332 0.0296875 0.04791666666666667
1 0.053125 0.5354166666666667 0.1046875 0.22083333333333333
1 0.1140625 0.1375 0.1421875 0.225
0 0.6140625 0.32916666666666666 0.0546875 0.06666666666666667
1 0.56875 0.13958333333333334 0.1625 0.21458333333333332
2 0.2953125 0.46875 0.2671875 0.31875
1 0.790625 0.34791666666666665 0.1453125 0.2