1 0.6515625 0.10833333333333334 0.1828125 0.21458333333333332
1 0.315625 0.18125 0.1671875 0.18541666666666667
1 0.3515625 0.44166666666666665 0.1875 0.24583333333333332
0 0.1515625 0.14375 0.05625 0.0875
1 0.69375 0.5083333333333333 0.1734375 0.2875
1 0.9359375 0.22708333333333333 0.1265625 0.24375
1 0.4671875 0.95 0.1671875 0.09791666666666667
0 0.484375 0.7354166666666667 0.046875 0.06458333333333334
1 0.1421875 0.49166666666666664 0.1875 0.24583333333333332
1 0.7171875 0.34375 0.2046875 0.21458333333333332
1 0.5125 0.3020833333333333 0.1828125 0.21666666666666667
1 0.8609375 0.9395833333333333 0.184375 0.11666666666666667
2 0.628125 0.83125 0.2640625 0.3375