1 0.153125 0.28125 0.1703125 0.23958333333333334
1 0.51875 0.6083333333333333 0.159375 0.21875
1 0.4109375 0.19583333333333333 0.1703125 0.2
1 0.3046875 0.3729166666666667 0.1484375 0.20208333333333334
1 0.2875 0.5791666666666667 0.159375 0.21875
1 0.875 0.33958333333333335 0.1703125 0.23958333333333334
1 0.1203125 0.49583333333333335 0.1703125 0.23958333333333334
2 0.6640625 0.13541666666666666 0.3484375 0.26875
1 0.465625 0.4041666666666667 0.1703125 0.2
1 0.384375 0.75 0.1484375 0.20208333333333334
1 0.559375 0.8270833333333333 0.159375 0.21875
1 0.2515625 0.8625 0.1484375 0.20208333333333334
1 0.7453125 0.7041666666666667 0.2125 0.22708333333333333
1 0.878125 0.85625 0.1703125 0.23958333333333334