1 0.8984375 0.36041666666666666 0.1671875 0.2125
1 0.8078125 0.60625 0.184375 0.22708333333333333
1 0.3359375 0.4479166666666667 0.1703125 0.21666666666666667
1 0.53125 0.7166666666666667 0.1671875 0.2125
2 0.5671875 0.18541666666666667 0.3734375 0.36875
1 0.403125 0.6729166666666667 0.1375 0.175
1 0.459375 0.45625 0.1515625 0.20208333333333334
1 0.3234375 0.8666666666666667 0.1546875 0.19166666666666668
1 0.0546875 0.5104166666666666 0.1078125 0.21041666666666667
1 0.2859375 0.6770833333333334 0.1546875 0.19166666666666668
1 0.746875 0.8020833333333334 0.184375 0.22708333333333333
1 0.75625 0.35625 0.146875 0.21666666666666667