2 0.7390625 0.8854166666666666 0.2296875 0.22916666666666666
1 0.60625 0.21458333333333332 0.1703125 0.18958333333333333
1 0.4765625 0.7645833333333333 0.1671875 0.21041666666666667
1 0.1265625 0.6208333333333333 0.1703125 0.18958333333333333
1 0.559375 0.5854166666666667 0.159375 0.19375
1 0.7765625 0.3458333333333333 0.165625 0.15625
1 0.603125 0.375 0.175 0.19583333333333333
1 0.8328125 0.41875 0.1765625 0.15208333333333332
1 0.484375 0.09791666666666667 0.175 0.19166666666666668
1 0.384375 0.6833333333333333 0.1453125 0.2604166666666667
1 0.3859375 0.4270833333333333 0.171875 0.22916666666666666
1 0.15 0.13333333333333333 0.1375 0.2