1 0.0671875 0.2833333333333333 0.13125 0.22083333333333333
1 0.865625 0.9145833333333333 0.215625 0.17083333333333334
1 0.8828125 0.28125 0.1375 0.18958333333333333
1 0.8484375 0.4875 0.1375 0.18958333333333333
1 0.634375 0.41875 0.2078125 0.24166666666666667
1 0.5046875 0.9020833333333333 0.16875 0.19375
1 0.1828125 0.7604166666666666 0.1765625 0.21666666666666667
1 0.4640625 0.16875 0.1765625 0.21666666666666667
1 0.5875 0.70625 0.1203125 0.18125
1 0.4234375 0.69375 0.178125 0.20625
1 0.8171875 0.32083333333333336 0.1375 0.18958333333333333
1 0.58125 0.8166666666666667 0.1203125 0.18125
1 0.3265625 0.90625 0.1640625 0.18541666666666667
1 0.7921875 0.45208333333333334 0.1375 0.18958333333333333
1 0.415625 0.9333333333333333 0.1515625 0.13125
1 0.0859375 0.9333333333333333 0.16875 0.13125
1 0.2484375 0.14791666666666667 0.1671875 0.20416666666666666
1 0.0921875 0.09583333333333334 0.1640625 0.1875
1 0.915625 0.6 0.16875 0.20416666666666666
1 0.303125 0.7208333333333333 0.1765625 0.21666666666666667