2 0.2796875 0.53125 0.31875 0.42291666666666666
1 0.50625 0.08125 0.15625 0.15833333333333333
1 0.7171875 0.12916666666666668 0.1609375 0.22291666666666668
0 0.040625 0.7020833333333333 0.053125 0.06041666666666667
1 0.6 0.8583333333333333 0.1625 0.19583333333333333
1 0.0484375 0.16875 0.0953125 0.21666666666666667
1 0.5828125 0.475 0.1421875 0.225
1 0.434375 0.9145833333333333 0.153125 0.17083333333333334
1 0.2609375 0.20625 0.184375 0.20208333333333334
1 0.409375 0.22291666666666668 0.153125 0.21875
1 0.875 0.35625 0.1609375 0.22291666666666668
1 0.8359375 0.8708333333333333 0.1609375 0.22291666666666668
1 0.5546875 0.6854166666666667 0.1078125 0.16041666666666668
1 0.0578125 0.8916666666666667 0.1140625 0.19166666666666668
1 0.4921875 0.64375 0.1421875 0.225