1 0.85 0.3375 0.1796875 0.23333333333333334
1 0.4125 0.6604166666666667 0.1171875 0.15
2 0.0953125 0.5354166666666667 0.1875 0.24375
1 0.1984375 0.30625 0.1609375 0.18333333333333332
1 0.70625 0.3333333333333333 0.1671875 0.22083333333333333
0 0.8515625 0.6479166666666667 0.040625 0.05625
1 0.36875 0.825 0.1609375 0.18333333333333332
1 0.3015625 0.6291666666666667 0.159375 0.16041666666666668
1 0.778125 0.76875 0.159375 0.19583333333333333
1 0.846875 0.56875 0.1796875 0.23333333333333334
1 0.084375 0.7895833333333333 0.165625 0.23541666666666666
1 0.6109375 0.08125 0.159375 0.15833333333333333
1 0.425 0.3875 0.159375 0.16041666666666668
1 0.584375 0.6479166666666667 0.159375 0.16041666666666668
1 0.65625 0.86875 0.184375 0.21666666666666667