1 0.446875 0.45625 0.146875 0.19375
0 0.896875 0.7875 0.0625 0.07708333333333334
1 0.1921875 0.9416666666666667 0.1453125 0.11666666666666667
1 0.7609375 0.31666666666666665 0.184375 0.20625
1 0.5328125 0.42291666666666666 0.146875 0.19375
1 0.6578125 0.7895833333333333 0.1390625 0.21875
0 0.03125 0.4625 0.059375 0.07708333333333334
1 0.5125 0.86875 0.184375 0.20625
1 0.384375 0.24791666666666667 0.1734375 0.26875
1 0.56875 0.63125 0.184375 0.20625
2 0.2046875 0.3854166666666667 0.1890625 0.24791666666666667
1 0.0921875 0.6104166666666667 0.1828125 0.20625
1 0.0921875 0.7416666666666667 0.1828125 0.20625