1 0.0640625 0.6875 0.1265625 0.25833333333333336
1 0.675 0.2520833333333333 0.1734375 0.25416666666666665
2 0.434375 0.7 0.3703125 0.4625
1 0.2296875 0.60625 0.1671875 0.18333333333333332
1 0.8046875 0.31875 0.140625 0.24375
1 0.2375 0.16458333333333333 0.1765625 0.23541666666666666
1 0.1375 0.9083333333333333 0.1671875 0.18333333333333332
1 0.703125 0.9166666666666666 0.1671875 0.16666666666666666
1 0.8140625 0.8020833333333334 0.1734375 0.2520833333333333
1 0.4765625 0.14375 0.1671875 0.18541666666666667
1 0.178125 0.36875 0.15 0.16041666666666668
1 0.26875 0.3645833333333333 0.146875 0.175