1 0.7875 0.41458333333333336 0.1375 0.22291666666666668
1 0.590625 0.6145833333333334 0.140625 0.19583333333333333
1 0.5296875 0.9020833333333333 0.140625 0.19583333333333333
2 0.5421875 0.21875 0.2046875 0.26458333333333334
1 0.553125 0.4666666666666667 0.1390625 0.17291666666666666
1 0.8984375 0.6645833333333333 0.171875 0.21666666666666667
1 0.375 0.13958333333333334 0.13125 0.275
1 0.1 0.6833333333333333 0.1578125 0.22083333333333333
1 0.9234375 0.4354166666666667 0.1515625 0.2125
1 0.8421875 0.4125 0.1375 0.22291666666666668
0 0.7875 0.7333333333333333 0.0609375 0.06666666666666667
1 0.915625 0.07708333333333334 0.1671875 0.15208333333333332