1 0.44375 0.73125 0.1625 0.22291666666666668
1 0.76875 0.04791666666666667 0.1671875 0.09166666666666666
1 0.103125 0.09375 0.1484375 0.18541666666666667
0 0.428125 0.5770833333333333 0.0515625 0.058333333333333334
1 0.2625 0.14791666666666667 0.18125 0.19166666666666668
1 0.5375 0.2 0.15 0.18958333333333333
1 0.6546875 0.25 0.15 0.18958333333333333
1 0.075 0.14583333333333334 0.146875 0.1875
1 0.93125 0.1 0.1375 0.19791666666666666
1 0.490625 0.89375 0.140625 0.21041666666666667
1 0.7203125 0.89375 0.140625 0.21041666666666667
0 0.3484375 0.475 0.0515625 0.058333333333333334
2 0.515625 0.42291666666666666 0.1640625 0.23333333333333334
1 0.1515625 0.3458333333333333 0.2046875 0.26666666666666666
1 0.3015625 0.7666666666666667 0.1703125 0.21041666666666667
1 0.534375 0.66875 0.1625 0.22291666666666668
1 0.4 0.09583333333333334 0.1796875 0.18958333333333333
1 0.6921875 0.4708333333333333 0.159375 0.20625
0 0.040625 0.6125 0.04375 0.07083333333333333
1 0.8109375 0.18958333333333333 0.128125 0.18541666666666667
1 0.6734375 0.6729166666666667 0.16875 0.20833333333333334