1 0.6234375 0.5291666666666667 0.1765625 0.23125
1 0.6171875 0.7854166666666667 0.19375 0.25416666666666665
1 0.284375 0.5083333333333333 0.18125 0.20625
1 0.89375 0.24791666666666667 0.175 0.20416666666666666
1 0.0828125 0.26458333333333334 0.1625 0.21041666666666667
1 0.3671875 0.6770833333333334 0.1671875 0.18541666666666667
1 0.3609375 0.32916666666666666 0.159375 0.21666666666666667
1 0.309375 0.14791666666666667 0.1703125 0.21458333333333332
1 0.746875 0.32708333333333334 0.13125 0.21041666666666667
2 0.5484375 0.20416666666666666 0.3359375 0.40625
1 0.759375 0.6833333333333333 0.1953125 0.2125
1 0.0640625 0.4375 0.1265625 0.22291666666666668
1 0.1265625 0.625 0.1828125 0.21041666666666667