1 0.70625 0.9083333333333333 0.1765625 0.18333333333333332
1 0.3953125 0.49583333333333335 0.159375 0.18541666666666667
1 0.21875 0.5625 0.1625 0.22291666666666668
1 0.66875 0.6895833333333333 0.15 0.24166666666666667
2 0.3796875 0.7854166666666667 0.3484375 0.42916666666666664
1 0.640625 0.3333333333333333 0.1765625 0.18333333333333332
1 0.9359375 0.59375 0.1265625 0.30416666666666664
1 0.6484375 0.14583333333333334 0.140625 0.22083333333333333
0 0.2296875 0.37083333333333335 0.0625 0.09375
1 0.8046875 0.6 0.140625 0.3104166666666667
1 0.8890625 0.2625 0.175 0.2125