1 0.434375 0.4875 0.15 0.21458333333333332
1 0.328125 0.19166666666666668 0.15 0.21458333333333332
1 0.8484375 0.71875 0.15 0.17083333333333334
1 0.3453125 0.6729166666666667 0.15 0.21458333333333332
1 0.6859375 0.29583333333333334 0.1546875 0.21666666666666667
1 0.6203125 0.9145833333333333 0.15 0.17083333333333334
1 0.4234375 0.675 0.15 0.21458333333333332
1 0.7796875 0.7916666666666666 0.15 0.17083333333333334
1 0.678125 0.8895833333333333 0.15 0.17083333333333334
1 0.45625 0.8541666666666666 0.1625 0.20625
1 0.584375 0.5958333333333333 0.15 0.21458333333333332
1 0.809375 0.5208333333333334 0.15 0.17083333333333334
1 0.9328125 0.3729166666666667 0.1328125 0.16875
1 0.7578125 0.5041666666666667 0.15 0.17083333333333334
1 0.078125 0.33541666666666664 0.153125 0.21666666666666667
1 0.8171875 0.75 0.15 0.17083333333333334
1 0.203125 0.2520833333333333 0.15625 0.21666666666666667
1 0.2078125 0.8020833333333334 0.1625 0.20625
1 0.6015625 0.11041666666666666 0.1328125 0.16875
2 0.878125 0.17083333333333334 0.221875 0.25625
1 0.865625 0.5479166666666667 0.15 0.17083333333333334
0 0.29375 0.05625 0.0484375 0.058333333333333334
1 0.353125 0.29791666666666666 0.1328125 0.16875
1 0.715625 0.8354166666666667 0.15 0.17083333333333334