1 0.7109375 0.6625 0.1859375 0.22291666666666668
2 0.3609375 0.5291666666666667 0.3390625 0.43333333333333335
1 0.16875 0.775 0.121875 0.27291666666666664
1 0.81875 0.4375 0.1859375 0.22291666666666668
1 0.925 0.28958333333333336 0.15 0.21458333333333332
1 0.74375 0.8875 0.1859375 0.22291666666666668
1 0.828125 0.11666666666666667 0.1859375 0.22291666666666668
1 0.1546875 0.175 0.1859375 0.22291666666666668
1 0.528125 0.24375 0.1859375 0.22291666666666668
1 0.6125 0.07916666666666666 0.1796875 0.15416666666666667
1 0.2921875 0.8416666666666667 0.175 0.19166666666666668