1 0.9763888888888889 0.13774104683195593 0.04722222222222222 0.24242424242424243
1 0.75 0.02066115702479339 0.2111111111111111 0.04132231404958678
1 0.18333333333333332 0.522038567493113 0.24444444444444444 0.30578512396694213
1 0.5666666666666667 0.9807162534435262 0.2222222222222222 0.03305785123966942
0 0.325 0.03168044077134986 0.07222222222222222 0.05785123966942149
1 0.06666666666666667 0.6804407713498623 0.13333333333333333 0.22038567493112948
1 0.15416666666666667 0.028925619834710745 0.225 0.05785123966942149
1 0.425 0.1446280991735537 0.22777777777777777 0.2727272727272727
1 0.42916666666666664 0.8044077134986226 0.24166666666666667 0.19834710743801653
0 0.30277777777777776 0.6900826446280992 0.08333333333333333 0.06887052341597796
2 0.5055555555555555 0.4972451790633609 0.4388888888888889 0.465564738292011
1 0.9055555555555556 0.5798898071625345 0.18333333333333332 0.22865013774104684
1 0.13194444444444445 0.9421487603305785 0.21944444444444444 0.11019283746556474
1 0.20972222222222223 0.16666666666666666 0.225 0.23415977961432508
1 0.3402777777777778 0.9325068870523416 0.21944444444444444 0.1349862258953168
1 0.8902777777777777 0.2603305785123967 0.21944444444444444 0.25068870523415976
1 0.8986111111111111 0.90633608815427 0.19166666666666668 0.18732782369146006
1 0.7111111111111111 0.8925619834710744 0.2388888888888889 0.21487603305785125