1 0.03611111111111111 0.14738292011019283 0.07222222222222222 0.21763085399449036
1 0.06388888888888888 0.41597796143250687 0.12777777777777777 0.25895316804407714
1 0.9319444444444445 0.5977961432506887 0.13055555555555556 0.2369146005509642
1 0.8972222222222223 0.9600550964187328 0.2 0.07988980716253444
1 0.7375 0.06198347107438017 0.21388888888888888 0.12396694214876033
1 0.06666666666666667 0.8512396694214877 0.13333333333333333 0.22038567493112948
1 0.34305555555555556 0.03994490358126722 0.20277777777777778 0.07988980716253444
1 0.5375 0.09228650137741047 0.24166666666666667 0.17355371900826447
1 0.14722222222222223 0.0674931129476584 0.21666666666666667 0.1349862258953168
1 0.4222222222222222 0.768595041322314 0.22777777777777777 0.209366391184573
1 0.9138888888888889 0.19008264462809918 0.16666666666666666 0.23140495867768596
1 0.6472222222222223 0.743801652892562 0.22777777777777777 0.20385674931129477
2 0.5 0.4765840220385675 0.46111111111111114 0.4297520661157025
1 0.8833333333333333 0.803030303030303 0.23333333333333334 0.21212121212121213
1 0.6861111111111111 0.22727272727272727 0.22777777777777777 0.21212121212121213
1 0.22083333333333333 0.27823691460055094 0.20277777777777778 0.1928374655647383
1 0.2388888888888889 0.8856749311294766 0.25 0.22865013774104684
1 0.5819444444444445 0.918732782369146 0.24166666666666667 0.162534435261708