1 0.07916666666666666 0.08611111111111111 0.15833333333333333 0.17222222222222222
1 0.0625 0.16805555555555557 0.125 0.1638888888888889
0 0.9875 0.45416666666666666 0.025 0.10833333333333334
1 0.020833333333333332 0.7375 0.041666666666666664 0.20277777777777778
1 0.5111111111111111 0.9638888888888889 0.2222222222222222 0.07222222222222222
1 0.2222222222222222 0.04583333333333333 0.25555555555555554 0.09166666666666666
2 0.5319444444444444 0.5027777777777778 0.5527777777777778 0.5833333333333334
1 0.7583333333333333 0.7611111111111111 0.24444444444444444 0.23333333333333334
1 0.5666666666666667 0.8458333333333333 0.19444444444444445 0.21388888888888888
1 0.9222222222222223 0.8527777777777777 0.15555555555555556 0.2388888888888889
1 0.7597222222222222 0.20972222222222223 0.24166666666666667 0.19722222222222222
1 0.8625 0.06944444444444445 0.26944444444444443 0.1388888888888889
1 0.18472222222222223 0.17083333333333334 0.20277777777777778 0.19722222222222222
1 0.375 0.8527777777777777 0.2111111111111111 0.21666666666666667
1 0.08055555555555556 0.9055555555555556 0.16111111111111112 0.18888888888888888
1 0.4097222222222222 0.09027777777777778 0.2361111111111111 0.18055555555555555