1 0.3902777777777778 0.05 0.19722222222222222 0.1
0 0.10138888888888889 0.9305555555555556 0.08611111111111111 0.08888888888888889
1 0.8791666666666667 0.6361111111111111 0.23055555555555557 0.2
1 0.1986111111111111 0.04027777777777778 0.225 0.08055555555555556
1 0.48055555555555557 0.975 0.3 0.05
1 0.029166666666666667 0.9291666666666667 0.058333333333333334 0.14166666666666666
1 0.030555555555555555 0.5875 0.06111111111111111 0.28055555555555556
1 0.9069444444444444 0.32222222222222224 0.18055555555555555 0.2111111111111111
1 0.09305555555555556 0.1638888888888889 0.18611111111111112 0.2222222222222222
1 0.9736111111111111 0.8791666666666667 0.05277777777777778 0.23055555555555557
1 0.8958333333333334 0.08472222222222223 0.20277777777777778 0.16944444444444445
1 0.9013888888888889 0.5305555555555556 0.19722222222222222 0.2222222222222222
0 0.15416666666666667 0.7208333333333333 0.08611111111111111 0.08055555555555556
1 0.6166666666666667 0.12361111111111112 0.25 0.23055555555555557
1 0.08194444444444444 0.3819444444444444 0.15833333333333333 0.18611111111111112
1 0.23194444444444445 0.8597222222222223 0.21388888888888888 0.25833333333333336
1 0.4930555555555556 0.8541666666666666 0.24166666666666667 0.20277777777777778
1 0.7875 0.24444444444444444 0.19166666666666668 0.16111111111111112
1 0.7625 0.7930555555555555 0.20833333333333334 0.19722222222222222
1 0.18888888888888888 0.5486111111111112 0.2 0.21944444444444444
1 0.3277777777777778 0.18055555555555555 0.2 0.20555555555555555
2 0.5361111111111111 0.48055555555555557 0.5611111111111111 0.5555555555555556