1 0.018055555555555554 0.7847222222222222 0.03611111111111111 0.20833333333333334
1 0.9513888888888888 0.09444444444444444 0.09722222222222222 0.18888888888888888
1 0.9694444444444444 0.9305555555555556 0.06111111111111111 0.1388888888888889
1 0.10138888888888889 0.9152777777777777 0.20277777777777778 0.16944444444444445
1 0.25277777777777777 0.06666666666666667 0.20555555555555555 0.13333333333333333
1 0.5777777777777777 0.059722222222222225 0.2111111111111111 0.11388888888888889
1 0.075 0.9541666666666667 0.15 0.09166666666666666
1 0.09166666666666666 0.0375 0.18333333333333332 0.075
1 0.3458333333333333 0.25 0.21944444444444444 0.18888888888888888
1 0.07222222222222222 0.16944444444444445 0.1388888888888889 0.22777777777777777
1 0.10416666666666667 0.6875 0.20833333333333334 0.24166666666666667
1 0.55 0.9083333333333333 0.20555555555555555 0.18333333333333332
1 0.7680555555555556 0.4236111111111111 0.24166666666666667 0.21944444444444444
1 0.9013888888888889 0.23194444444444445 0.19722222222222222 0.20277777777777778
2 0.48333333333333334 0.5263888888888889 0.40555555555555556 0.3972222222222222
1 0.7388888888888889 0.1 0.19444444444444445 0.18333333333333332
1 0.6444444444444445 0.2722222222222222 0.2111111111111111 0.20555555555555555
1 0.8986111111111111 0.6097222222222223 0.20277777777777778 0.24722222222222223
1 0.9111111111111111 0.8027777777777778 0.17222222222222222 0.17222222222222222