1 0.4527777777777778 0.0125 0.21666666666666667 0.025
1 0.2708333333333333 0.6736111111111112 0.18611111111111112 0.24166666666666667
1 0.9305555555555556 0.9791666666666666 0.1388888888888889 0.03611111111111111
1 0.018055555555555554 0.10555555555555556 0.03611111111111111 0.2111111111111111
1 0.1388888888888889 0.9777777777777777 0.2722222222222222 0.03888888888888889
1 0.9708333333333333 0.8694444444444445 0.058333333333333334 0.21666666666666667
1 0.9291666666666667 0.225 0.14166666666666666 0.23333333333333334
1 0.9402777777777778 0.06944444444444445 0.11944444444444445 0.13333333333333333
1 0.1986111111111111 0.6430555555555556 0.24722222222222223 0.20277777777777778
1 0.5111111111111111 0.9375 0.3 0.11944444444444445
1 0.7041666666666667 0.30277777777777776 0.24722222222222223 0.2611111111111111
1 0.2625 0.059722222222222225 0.25277777777777777 0.11944444444444445
1 0.5402777777777777 0.8013888888888889 0.24722222222222223 0.225
1 0.18611111111111112 0.19305555555555556 0.25 0.19166666666666668
1 0.12222222222222222 0.8597222222222223 0.2388888888888889 0.21388888888888888
2 0.49722222222222223 0.5291666666666667 0.37777777777777777 0.39166666666666666
1 0.7388888888888889 0.8722222222222222 0.20555555555555555 0.22777777777777777
1 0.44305555555555554 0.1125 0.20277777777777778 0.18611111111111112
1 0.38472222222222224 0.28888888888888886 0.25277777777777777 0.20555555555555555