1 0.9833333333333333 0.8694444444444445 0.03333333333333333 0.25555555555555554
1 0.9083333333333333 0.9736111111111111 0.18333333333333332 0.05277777777777778
1 0.02361111111111111 0.1875 0.04722222222222222 0.25277777777777777
1 0.7166666666666667 0.9555555555555556 0.2 0.08888888888888889
1 0.33611111111111114 0.6888888888888889 0.2111111111111111 0.2222222222222222
1 0.8638888888888889 0.04583333333333333 0.2388888888888889 0.09166666666666666
1 0.6263888888888889 0.05138888888888889 0.20277777777777778 0.10277777777777777
1 0.3277777777777778 0.075 0.24444444444444444 0.15
1 0.9236111111111112 0.49583333333333335 0.1527777777777778 0.225
1 0.4222222222222222 0.9138888888888889 0.2111111111111111 0.17222222222222222
1 0.5763888888888888 0.20972222222222223 0.2361111111111111 0.20833333333333334
1 0.28888888888888886 0.3472222222222222 0.2 0.22777777777777777
1 0.5847222222222223 0.8111111111111111 0.19166666666666668 0.20555555555555555
2 0.5097222222222222 0.5166666666666667 0.41388888888888886 0.45
1 0.2111111111111111 0.9055555555555556 0.19444444444444445 0.18888888888888888
1 0.8111111111111111 0.2625 0.21666666666666667 0.225
1 0.14305555555555555 0.2125 0.18055555555555555 0.225