1 0.15694444444444444 0.16666666666666666 0.3138888888888889 0.3333333333333333
1 0.975 0.7652777777777777 0.05 0.24722222222222223
1 0.6958333333333333 0.019444444444444445 0.19722222222222222 0.03888888888888889
0 0.7472222222222222 0.4791666666666667 0.09444444444444444 0.08611111111111111
1 0.05416666666666667 0.6902777777777778 0.10833333333333334 0.16944444444444445
1 0.059722222222222225 0.044444444444444446 0.11944444444444445 0.08888888888888889
1 0.7833333333333333 0.9527777777777777 0.21666666666666667 0.09444444444444444
1 0.16666666666666666 0.6083333333333333 0.23333333333333334 0.21666666666666667
1 0.10138888888888889 0.8027777777777778 0.125 0.18888888888888888
1 0.3138888888888889 0.7 0.18333333333333332 0.19444444444444445
1 0.7888888888888889 0.7347222222222223 0.20555555555555555 0.19166666666666668
1 0.125 0.15 0.22777777777777777 0.2111111111111111
1 0.4486111111111111 0.9347222222222222 0.23055555555555557 0.125
1 0.8347222222222223 0.10138888888888889 0.25833333333333336 0.20277777777777778
1 0.6222222222222222 0.8305555555555556 0.19444444444444445 0.21666666666666667
1 0.39305555555555555 0.06666666666666667 0.24722222222222223 0.13333333333333333
2 0.5125 0.5138888888888888 0.3972222222222222 0.4111111111111111
1 0.12638888888888888 0.3972222222222222 0.23055555555555557 0.19444444444444445
1 0.24444444444444444 0.8861111111111111 0.2111111111111111 0.20555555555555555
1 0.9138888888888889 0.5847222222222223 0.17222222222222222 0.225
1 0.9166666666666666 0.24027777777777778 0.16666666666666666 0.20277777777777778