1 0.8375 0.9652777777777778 0.21388888888888888 0.06388888888888888
1 0.6819444444444445 0.9763888888888889 0.21944444444444444 0.04722222222222222
1 0.9819444444444444 0.6444444444444445 0.03611111111111111 0.2111111111111111
1 0.11527777777777778 0.6569444444444444 0.23055555555555557 0.19722222222222222
1 0.8305555555555556 0.7388888888888889 0.18333333333333332 0.18333333333333332
1 0.10277777777777777 0.46944444444444444 0.2 0.24444444444444444
1 0.6625 0.029166666666666667 0.21944444444444444 0.058333333333333334
1 0.5680555555555555 0.15694444444444444 0.225 0.24722222222222223
1 0.9472222222222222 0.8902777777777777 0.10555555555555556 0.21388888888888888
1 0.044444444444444446 0.46944444444444444 0.08888888888888889 0.19444444444444445
1 0.4083333333333333 0.7083333333333334 0.25 0.20555555555555555
1 0.8125 0.09166666666666666 0.2861111111111111 0.18333333333333332
1 0.9541666666666667 0.3416666666666667 0.09166666666666666 0.2222222222222222
1 0.6541666666666667 0.7013888888888888 0.19166666666666668 0.175
2 0.48333333333333334 0.4625 0.43333333333333335 0.4305555555555556
1 0.7180555555555556 0.8611111111111112 0.20277777777777778 0.19444444444444445
1 0.3402777777777778 0.9041666666666667 0.21944444444444444 0.19166666666666668
1 0.12222222222222222 0.8958333333333334 0.24444444444444444 0.20833333333333334
1 0.5 0.9416666666666667 0.18333333333333332 0.11666666666666667
1 0.10416666666666667 0.24861111111111112 0.19722222222222222 0.24722222222222223