1 0.020833333333333332 0.06805555555555555 0.041666666666666664 0.13055555555555556
1 0.8416666666666667 0.17083333333333334 0.31666666666666665 0.3416666666666667
1 0.7111111111111111 0.02638888888888889 0.2222222222222222 0.05277777777777778
1 0.2569444444444444 0.7486111111111111 0.24166666666666667 0.23055555555555557
1 0.825 0.5597222222222222 0.22777777777777777 0.21388888888888888
1 0.6916666666666667 0.2986111111111111 0.2388888888888889 0.24166666666666667
1 0.5041666666666667 0.8805555555555555 0.26944444444444443 0.20555555555555555
2 0.4652777777777778 0.5319444444444444 0.3972222222222222 0.3972222222222222
1 0.06805555555555555 0.7430555555555556 0.1361111111111111 0.225
1 0.6486111111111111 0.7416666666666667 0.19166666666666668 0.2
1 0.0625 0.9291666666666667 0.125 0.14166666666666666
1 0.8708333333333333 0.15694444444444444 0.20833333333333334 0.19722222222222222
1 0.6847222222222222 0.9347222222222222 0.21944444444444444 0.13055555555555556
1 0.20277777777777778 0.07777777777777778 0.2388888888888889 0.15555555555555556
1 0.8958333333333334 0.9041666666666667 0.20833333333333334 0.19166666666666668