1 0.9694444444444444 0.2861111111111111 0.06111111111111111 0.16666666666666666
1 0.8083333333333333 0.9208333333333333 0.2388888888888889 0.15833333333333333
1 0.44027777777777777 0.9833333333333333 0.24166666666666667 0.03333333333333333
1 0.29583333333333334 0.3597222222222222 0.225 0.24722222222222223
1 0.8861111111111111 0.019444444444444445 0.22777777777777777 0.03888888888888889
1 0.5097222222222222 0.12222222222222222 0.24166666666666667 0.21666666666666667
1 0.18888888888888888 0.8083333333333333 0.22777777777777777 0.2111111111111111
1 0.9 0.36666666666666664 0.19444444444444445 0.2111111111111111
1 0.20972222222222223 0.5208333333333334 0.16944444444444445 0.24166666666666667
1 0.8805555555555555 0.7041666666666667 0.2388888888888889 0.2638888888888889
1 0.09027777777777778 0.3527777777777778 0.175 0.2388888888888889
2 0.525 0.5305555555555556 0.38333333333333336 0.37777777777777777
1 0.7527777777777778 0.8833333333333333 0.18888888888888888 0.2
1 0.2986111111111111 0.9138888888888889 0.2361111111111111 0.17222222222222222
1 0.7 0.30833333333333335 0.23333333333333334 0.20555555555555555