1 0.3736111111111111 0.029166666666666667 0.3194444444444444 0.05277777777777778
1 0.029166666666666667 0.3347222222222222 0.058333333333333334 0.21944444444444444
1 0.9569444444444445 0.9597222222222223 0.08611111111111111 0.075
1 0.2611111111111111 0.9763888888888889 0.2 0.04722222222222222
1 0.07222222222222222 0.9736111111111111 0.14444444444444443 0.05277777777777778
1 0.9625 0.5791666666666667 0.075 0.19166666666666668
1 0.12777777777777777 0.058333333333333334 0.24444444444444444 0.11666666666666667
1 0.8388888888888889 0.8458333333333333 0.2111111111111111 0.2361111111111111
2 0.5166666666666667 0.5222222222222223 0.5222222222222223 0.5333333333333333
1 0.20972222222222223 0.7125 0.2361111111111111 0.23055555555555557
1 0.07222222222222222 0.8180555555555555 0.1388888888888889 0.225
1 0.06666666666666667 0.5416666666666666 0.13333333333333333 0.24444444444444444
1 0.8083333333333333 0.15555555555555556 0.2111111111111111 0.18333333333333332
1 0.44305555555555554 0.1638888888888889 0.24722222222222223 0.2
1 0.8597222222222223 0.3902777777777778 0.225 0.25277777777777777
1 0.125 0.2513888888888889 0.24444444444444444 0.225
1 0.6152777777777778 0.8652777777777778 0.21944444444444444 0.20833333333333334
1 0.39305555555555555 0.8666666666666667 0.19166666666666668 0.23333333333333334