1 0.41805555555555557 0.17222222222222222 0.375 0.34444444444444444
1 0.21944444444444444 0.7680555555555556 0.23333333333333334 0.23055555555555557
1 0.8138888888888889 0.3902777777777778 0.35 0.2972222222222222
1 0.022222222222222223 0.5583333333333333 0.044444444444444446 0.3055555555555556
1 0.9305555555555556 0.17777777777777778 0.1388888888888889 0.25555555555555554
1 0.9263888888888889 0.4125 0.14722222222222223 0.21944444444444444
1 0.6138888888888889 0.03888888888888889 0.26666666666666666 0.07777777777777778
1 0.9652777777777778 0.7319444444444444 0.06944444444444445 0.23055555555555557
0 0.7208333333333333 0.09583333333333334 0.075 0.09166666666666666
2 0.49722222222222223 0.5152777777777777 0.45 0.4583333333333333
1 0.2263888888888889 0.06805555555555555 0.24166666666666667 0.13055555555555556
1 0.3972222222222222 0.13333333333333333 0.2111111111111111 0.18888888888888888
1 0.18055555555555555 0.9138888888888889 0.2611111111111111 0.17222222222222222
1 0.7041666666666667 0.9194444444444444 0.24166666666666667 0.16111111111111112