1 0.9708333333333333 0.1125 0.058333333333333334 0.225
1 0.8777777777777778 0.6611111111111111 0.15 0.23333333333333334
1 0.30694444444444446 0.8833333333333333 0.20833333333333334 0.23333333333333334
1 0.9541666666666667 0.5638888888888889 0.09166666666666666 0.21666666666666667
1 0.3763888888888889 0.7625 0.21388888888888888 0.15833333333333333
1 0.7541666666666667 0.7152777777777778 0.21944444444444444 0.23055555555555557
1 0.4722222222222222 0.9263888888888889 0.2 0.14166666666666666
1 0.9277777777777778 0.17222222222222222 0.14444444444444443 0.2
1 0.21388888888888888 0.5791666666666667 0.17777777777777778 0.1527777777777778
2 0.5152777777777777 0.5361111111111111 0.49166666666666664 0.46111111111111114
1 0.8222222222222222 0.35 0.2222222222222222 0.22777777777777777
1 0.18194444444444444 0.7277777777777777 0.19722222222222222 0.19444444444444445
1 0.09583333333333334 0.2111111111111111 0.19166666666666668 0.23333333333333334