1 0.22361111111111112 0.027777777777777776 0.19166666666666668 0.05555555555555555
1 0.0375 0.9319444444444445 0.075 0.13055555555555556
1 0.7930555555555555 0.22916666666666666 0.21388888888888888 0.225
1 0.04722222222222222 0.6625 0.08888888888888889 0.20277777777777778
1 0.13333333333333333 0.9194444444444444 0.23333333333333334 0.16111111111111112
1 0.9472222222222222 0.7458333333333333 0.1 0.20277777777777778
1 0.12361111111111112 0.08055555555555556 0.24166666666666667 0.16111111111111112
1 0.9333333333333333 0.9027777777777778 0.13333333333333333 0.18888888888888888
1 0.9333333333333333 0.17222222222222222 0.13333333333333333 0.25555555555555554
2 0.5652777777777778 0.17222222222222222 0.2972222222222222 0.21666666666666667
1 0.5652777777777778 0.17222222222222222 0.2972222222222222 0.21666666666666667
1 0.7861111111111111 0.65 0.2222222222222222 0.2
1 0.19444444444444445 0.5319444444444444 0.23333333333333334 0.20833333333333334
1 0.7888888888888889 0.4583333333333333 0.2388888888888889 0.25555555555555554
2 0.5055555555555555 0.5555555555555556 0.37222222222222223 0.36666666666666664
1 0.08472222222222223 0.40694444444444444 0.16944444444444445 0.225