1 0.016666666666666666 0.6611111111111111 0.03333333333333333 0.25555555555555554
1 0.8319444444444445 0.6527777777777778 0.18611111111111112 0.18333333333333332
1 0.9791666666666666 0.5291666666666667 0.041666666666666664 0.175
0 0.04861111111111111 0.3388888888888889 0.09722222222222222 0.11666666666666667
1 0.5555555555555556 0.95 0.2222222222222222 0.1
2 0.5125 0.49444444444444446 0.38055555555555554 0.38333333333333336
1 0.5652777777777778 0.8027777777777778 0.19166666666666668 0.17777777777777778
1 0.25416666666666665 0.7402777777777778 0.21944444444444444 0.25277777777777777
1 0.2916666666666667 0.9319444444444445 0.2722222222222222 0.1361111111111111
1 0.07361111111111111 0.9111111111111111 0.14722222222222223 0.17777777777777778
1 0.9194444444444444 0.8333333333333334 0.16111111111111112 0.21666666666666667
1 0.44166666666666665 0.10416666666666667 0.2388888888888889 0.20833333333333334
1 0.7361111111111112 0.8680555555555556 0.2 0.20833333333333334
1 0.12083333333333333 0.13055555555555556 0.225 0.20555555555555555
1 0.20277777777777778 0.325 0.20555555555555555 0.20555555555555555
1 0.9 0.07777777777777778 0.19444444444444445 0.15555555555555556