1 0.9694444444444444 0.8805555555555555 0.05555555555555555 0.23333333333333334
1 0.8972222222222223 0.7694444444444445 0.2 0.26666666666666666
2 0.5069444444444444 0.5027777777777778 0.4527777777777778 0.40555555555555556
1 0.05 0.2791666666666667 0.09444444444444444 0.25277777777777777
1 0.06666666666666667 0.7944444444444444 0.13333333333333333 0.26666666666666666
1 0.1638888888888889 0.06944444444444445 0.28888888888888886 0.1388888888888889
1 0.15416666666666667 0.4791666666666667 0.2916666666666667 0.2972222222222222
1 0.9319444444444445 0.35555555555555557 0.1361111111111111 0.2111111111111111
1 0.6916666666666667 0.19166666666666668 0.28888888888888886 0.2722222222222222
1 0.8513888888888889 0.5347222222222222 0.2638888888888889 0.225
1 0.5638888888888889 0.8166666666666667 0.25 0.24444444444444444
1 0.30972222222222223 0.9222222222222223 0.2638888888888889 0.15555555555555556