1 0.020833333333333332 0.0625 0.041666666666666664 0.125
1 0.9152777777777777 0.03333333333333333 0.16944444444444445 0.06666666666666667
1 0.029166666666666667 0.9083333333333333 0.058333333333333334 0.17777777777777778
1 0.42916666666666664 0.059722222222222225 0.23055555555555557 0.11388888888888889
1 0.3138888888888889 0.9097222222222222 0.2722222222222222 0.18055555555555555
1 0.03888888888888889 0.6055555555555555 0.07222222222222222 0.2722222222222222
1 0.9611111111111111 0.8375 0.07777777777777778 0.2638888888888889
1 0.6930555555555555 0.30833333333333335 0.20833333333333334 0.18888888888888888
1 0.8236111111111111 0.7638888888888888 0.25833333333333336 0.19444444444444445
2 0.4888888888888889 0.5097222222222222 0.42777777777777776 0.4361111111111111
1 0.7347222222222223 0.9180555555555555 0.24166666666666667 0.1638888888888889
1 0.11527777777777778 0.11805555555555555 0.225 0.2361111111111111
1 0.9083333333333333 0.24166666666666667 0.18333333333333332 0.21666666666666667
1 0.6152777777777778 0.7777777777777778 0.20277777777777778 0.21666666666666667
1 0.48055555555555557 0.19583333333333333 0.2222222222222222 0.175
1 0.7916666666666666 0.11666666666666667 0.2 0.23333333333333334