1 0.4305555555555556 0.975 0.2 0.05
1 0.020833333333333332 0.8402777777777778 0.041666666666666664 0.23055555555555557
1 0.02638888888888889 0.4027777777777778 0.05277777777777778 0.23333333333333334
1 0.9625 0.37916666666666665 0.075 0.28055555555555556
1 0.3458333333333333 0.9513888888888888 0.20833333333333334 0.09722222222222222
1 0.5583333333333333 0.04027777777777778 0.2722222222222222 0.08055555555555556
1 0.4041666666666667 0.7305555555555555 0.19722222222222222 0.18888888888888888
1 0.12916666666666668 0.04722222222222222 0.24166666666666667 0.09444444444444444
1 0.24861111111111112 0.6791666666666667 0.20833333333333334 0.2361111111111111
0 0.4013888888888889 0.8625 0.06944444444444445 0.09166666666666666
1 0.8555555555555555 0.9013888888888889 0.2222222222222222 0.19722222222222222
1 0.6027777777777777 0.8916666666666667 0.2111111111111111 0.18333333333333332
1 0.08194444444444444 0.6430555555555556 0.1638888888888889 0.28055555555555556
1 0.3347222222222222 0.10416666666666667 0.24166666666666667 0.20833333333333334
2 0.49027777777777776 0.48333333333333334 0.41388888888888886 0.4111111111111111
1 0.8680555555555556 0.5402777777777777 0.25277777777777777 0.21944444444444444
1 0.7458333333333333 0.7236111111111111 0.21388888888888888 0.21388888888888888
1 0.09861111111111111 0.21805555555555556 0.19722222222222222 0.2361111111111111