1 0.7180555555555556 0.8833333333333333 0.21944444444444444 0.23333333333333334
1 0.9166666666666666 0.7597222222222222 0.16666666666666666 0.20277777777777778
1 0.7555555555555555 0.5333333333333333 0.20555555555555555 0.25
1 0.8388888888888889 0.4125 0.21666666666666667 0.225
1 0.9722222222222222 0.09166666666666666 0.05555555555555555 0.18333333333333332
1 0.9708333333333333 0.5625 0.058333333333333334 0.24166666666666667
0 0.5555555555555556 0.1375 0.08888888888888889 0.09166666666666666
1 0.9458333333333333 0.8694444444444445 0.10833333333333334 0.17777777777777778
1 0.6291666666666667 0.9791666666666666 0.18611111111111112 0.041666666666666664
0 0.1625 0.26805555555555555 0.08055555555555556 0.06388888888888888
0 0.041666666666666664 0.775 0.08333333333333333 0.11666666666666667
1 0.10694444444444444 0.4625 0.21388888888888888 0.275
1 0.14027777777777778 0.12083333333333333 0.2638888888888889 0.20277777777777778
1 0.4013888888888889 0.1388888888888889 0.24166666666666667 0.2111111111111111
2 0.49027777777777776 0.5111111111111111 0.3861111111111111 0.38333333333333336
1 0.6416666666666667 0.7458333333333333 0.2 0.2361111111111111