1 0.7319444444444444 0.3333333333333333 0.20833333333333334 0.25
1 0.9819444444444444 0.25555555555555554 0.03611111111111111 0.18888888888888888
1 0.6013888888888889 0.9652777777777778 0.1527777777777778 0.06944444444444445
1 0.7680555555555556 0.725 0.20277777777777778 0.21666666666666667
1 0.9513888888888888 0.08472222222222223 0.09722222222222222 0.16944444444444445
1 0.05277777777777778 0.7180555555555556 0.1 0.24166666666666667
1 0.07361111111111111 0.07222222222222222 0.14722222222222223 0.14444444444444443
2 0.5263888888888889 0.5083333333333333 0.44166666666666665 0.4666666666666667
1 0.9472222222222222 0.8986111111111111 0.10555555555555556 0.19722222222222222
1 0.7833333333333333 0.9291666666666667 0.25 0.14166666666666666
1 0.9444444444444444 0.4583333333333333 0.10555555555555556 0.23333333333333334
1 0.5777777777777777 0.8097222222222222 0.2111111111111111 0.19722222222222222
1 0.17916666666666667 0.6263888888888889 0.23055555555555557 0.23055555555555557
1 0.3638888888888889 0.7777777777777778 0.2222222222222222 0.2222222222222222
1 0.41805555555555557 0.9388888888888889 0.21944444444444444 0.12222222222222222
1 0.41944444444444445 0.10555555555555556 0.21666666666666667 0.2111111111111111
1 0.2861111111111111 0.2777777777777778 0.21666666666666667 0.2111111111111111
1 0.8388888888888889 0.3138888888888889 0.17777777777777778 0.2111111111111111