1 0.06805555555555555 0.10138888888888889 0.1361111111111111 0.20277777777777778
1 0.4861111111111111 0.9083333333333333 0.19444444444444445 0.18333333333333332
1 0.7763888888888889 0.5694444444444444 0.23055555555555557 0.3111111111111111
1 0.6458333333333334 0.7402777777777778 0.18611111111111112 0.18055555555555555
1 0.9597222222222223 0.8236111111111111 0.08055555555555556 0.3138888888888889
1 0.12638888888888888 0.029166666666666667 0.23055555555555557 0.058333333333333334
1 0.3416666666666667 0.9625 0.2222222222222222 0.075
1 0.6138888888888889 0.05555555555555555 0.25 0.1111111111111111
1 0.9236111111111112 0.45694444444444443 0.1527777777777778 0.2638888888888889
1 0.04583333333333333 0.7 0.08611111111111111 0.23333333333333334
2 0.475 0.525 0.4666666666666667 0.45555555555555555
1 0.07916666666666666 0.9069444444444444 0.15833333333333333 0.18611111111111112
1 0.4638888888888889 0.16666666666666666 0.2222222222222222 0.18333333333333332
1 0.09305555555555556 0.2972222222222222 0.18055555555555555 0.25555555555555554