1 0.4305555555555556 0.15416666666666667 0.42777777777777776 0.30833333333333335
1 0.8013888888888889 0.7583333333333333 0.1638888888888889 0.17222222222222222
1 0.30833333333333335 0.6944444444444444 0.18888888888888888 0.22777777777777777
1 0.02361111111111111 0.5833333333333334 0.041666666666666664 0.23333333333333334
1 0.6666666666666666 0.275 0.25 0.2722222222222222
1 0.46944444444444444 0.9625 0.2111111111111111 0.075
1 0.19305555555555556 0.03611111111111111 0.21944444444444444 0.07222222222222222
1 0.7597222222222222 0.9527777777777777 0.2361111111111111 0.09444444444444444
1 0.4305555555555556 0.7666666666666667 0.21666666666666667 0.18888888888888888
1 0.7305555555555555 0.7958333333333333 0.18888888888888888 0.21388888888888888
1 0.2708333333333333 0.3888888888888889 0.23055555555555557 0.2388888888888889
1 0.12638888888888888 0.7805555555555556 0.2361111111111111 0.23333333333333334
1 0.9361111111111111 0.8402777777777778 0.12777777777777777 0.18611111111111112
1 0.07222222222222222 0.9305555555555556 0.14444444444444443 0.1388888888888889
2 0.5180555555555556 0.5194444444444445 0.39166666666666666 0.39444444444444443
1 0.9375 0.08194444444444444 0.125 0.15833333333333333
1 0.42083333333333334 0.19722222222222222 0.21944444444444444 0.21666666666666667
1 0.9041666666666667 0.5444444444444444 0.19166666666666668 0.23333333333333334
1 0.2708333333333333 0.9236111111111112 0.21388888888888888 0.1527777777777778
1 0.7680555555555556 0.15833333333333333 0.20833333333333334 0.2111111111111111
1 0.10833333333333334 0.25277777777777777 0.20555555555555555 0.2111111111111111