1 0.06111111111111111 0.22777777777777777 0.12222222222222222 0.37222222222222223
1 0.3347222222222222 0.7305555555555555 0.24166666666666667 0.25555555555555554
1 0.4847222222222222 0.15555555555555556 0.24166666666666667 0.2222222222222222
1 0.9263888888888889 0.7138888888888889 0.14166666666666666 0.18888888888888888
1 0.9527777777777777 0.8944444444444445 0.08888888888888889 0.2111111111111111
1 0.027777777777777776 0.4875 0.05555555555555555 0.21388888888888888
1 0.10555555555555556 0.0625 0.20555555555555555 0.125
1 0.9 0.55 0.19444444444444445 0.2222222222222222
1 0.20833333333333334 0.16111111111111112 0.21666666666666667 0.2111111111111111
0 0.18055555555555555 0.7555555555555555 0.1111111111111111 0.12222222222222222
1 0.7583333333333333 0.6916666666666667 0.23333333333333334 0.28888888888888886
1 0.6305555555555555 0.08611111111111111 0.2111111111111111 0.17222222222222222
1 0.30972222222222223 0.9138888888888889 0.26944444444444443 0.17222222222222222
2 0.4930555555555556 0.4930555555555556 0.4361111111111111 0.4361111111111111
1 0.08194444444444444 0.6347222222222222 0.1638888888888889 0.21388888888888888
1 0.2361111111111111 0.35833333333333334 0.2111111111111111 0.2111111111111111
1 0.5722222222222222 0.8930555555555556 0.2388888888888889 0.19722222222222222