1 0.9583333333333334 0.30972222222222223 0.08333333333333333 0.21944444444444444
1 0.6027777777777777 0.925 0.2777777777777778 0.15
1 0.9305555555555556 0.39166666666666666 0.1388888888888889 0.2
1 0.4513888888888889 0.058333333333333334 0.23055555555555557 0.1111111111111111
1 0.5347222222222222 0.7708333333333334 0.24722222222222223 0.18055555555555555
2 0.5236111111111111 0.46805555555555556 0.4027777777777778 0.39166666666666666
1 0.8597222222222223 0.7972222222222223 0.20833333333333334 0.2222222222222222
1 0.9291666666666667 0.6180555555555556 0.14166666666666666 0.19166666666666668
1 0.20416666666666666 0.10416666666666667 0.20277777777777778 0.20833333333333334
1 0.3375 0.8930555555555556 0.225 0.21388888888888888
1 0.19166666666666668 0.7041666666666667 0.24444444444444444 0.24166666666666667
1 0.13194444444444445 0.40694444444444444 0.24166666666666667 0.21388888888888888