1 0.8805555555555555 0.7888888888888889 0.2388888888888889 0.4166666666666667
1 0.9194444444444444 0.06527777777777778 0.16111111111111112 0.13055555555555556
1 0.020833333333333332 0.07083333333333333 0.041666666666666664 0.14166666666666666
1 0.9555555555555556 0.10555555555555556 0.08888888888888889 0.2111111111111111
1 0.5430555555555555 0.9666666666666667 0.21944444444444444 0.06666666666666667
1 0.26805555555555555 0.7041666666666667 0.24166666666666667 0.2361111111111111
1 0.36527777777777776 0.05416666666666667 0.21944444444444444 0.10833333333333334
1 0.6902777777777778 0.7541666666666667 0.19722222222222222 0.21944444444444444
1 0.5305555555555556 0.8402777777777778 0.2222222222222222 0.21388888888888888
1 0.9444444444444444 0.5847222222222223 0.1111111111111111 0.21944444444444444
1 0.5430555555555555 0.13333333333333333 0.2861111111111111 0.25555555555555554
1 0.7611111111111111 0.08888888888888889 0.2 0.17222222222222222
1 0.6888888888888889 0.3277777777777778 0.2388888888888889 0.2222222222222222
1 0.7902777777777777 0.5986111111111111 0.20277777777777778 0.24166666666666667
1 0.3625 0.2916666666666667 0.20833333333333334 0.18333333333333332
2 0.4861111111111111 0.5638888888888889 0.42777777777777776 0.42777777777777776
1 0.2375 0.8819444444444444 0.24166666666666667 0.19722222222222222
1 0.10416666666666667 0.4666666666666667 0.20833333333333334 0.20555555555555555
1 0.7555555555555555 0.9180555555555555 0.24444444444444444 0.1638888888888889