1 0.4583333333333333 0.25277777777777777 0.28888888888888886 0.15555555555555556
1 0.05416666666666667 0.9430555555555555 0.10833333333333334 0.11388888888888889
1 0.5388888888888889 0.9486111111111111 0.16666666666666666 0.10277777777777777
1 0.8486111111111111 0.0375 0.21944444444444444 0.075
1 0.075 0.041666666666666664 0.15 0.08333333333333333
1 0.22916666666666666 0.95 0.25833333333333336 0.09444444444444444
1 0.043055555555555555 0.5402777777777777 0.08055555555555556 0.2361111111111111
1 0.21805555555555556 0.49166666666666664 0.24166666666666667 0.2833333333333333
1 0.9222222222222223 0.9527777777777777 0.15555555555555556 0.09444444444444444
1 0.7916666666666666 0.6208333333333333 0.2111111111111111 0.21944444444444444
1 0.9569444444444445 0.7958333333333333 0.08611111111111111 0.2361111111111111
1 0.23055555555555557 0.7319444444444444 0.2111111111111111 0.24166666666666667
1 0.44583333333333336 0.10416666666666667 0.23055555555555557 0.20277777777777778
1 0.6791666666666667 0.10138888888888889 0.19722222222222222 0.19722222222222222
2 0.5013888888888889 0.49027777777777776 0.41388888888888886 0.41388888888888886
1 0.39861111111111114 0.7805555555555556 0.19166666666666668 0.24444444444444444