1 0.9611111111111111 0.3902777777777778 0.07222222222222222 0.20277777777777778
1 0.020833333333333332 0.8402777777777778 0.041666666666666664 0.30833333333333335
1 0.9430555555555555 0.30694444444444446 0.11388888888888889 0.25277777777777777
1 0.2875 0.7486111111111111 0.2361111111111111 0.21944444444444444
2 0.5166666666666667 0.5236111111111111 0.4666666666666667 0.46944444444444444
1 0.8430555555555556 0.8902777777777777 0.225 0.21944444444444444
1 0.4597222222222222 0.15138888888888888 0.23055555555555557 0.2638888888888889
1 0.2388888888888889 0.3375 0.29444444444444445 0.24166666666666667
1 0.6402777777777777 0.8222222222222222 0.21944444444444444 0.20555555555555555
1 0.7694444444444445 0.31666666666666665 0.21666666666666667 0.22777777777777777
1 0.2388888888888889 0.0763888888888889 0.2111111111111111 0.1527777777777778