1 0.9416666666666667 0.020833333333333332 0.11666666666666667 0.041666666666666664
1 0.02638888888888889 0.11527777777777778 0.05277777777777778 0.23055555555555557
1 0.5194444444444445 0.2013888888888889 0.22777777777777777 0.19722222222222222
1 0.9791666666666666 0.5625 0.041666666666666664 0.21944444444444444
1 0.9152777777777777 0.9486111111111111 0.16944444444444445 0.10277777777777777
1 0.2652777777777778 0.29583333333333334 0.20277777777777778 0.24722222222222223
1 0.7958333333333333 0.06527777777777778 0.2361111111111111 0.125
2 0.5138888888888888 0.5097222222222222 0.4388888888888889 0.475
1 0.6305555555555555 0.10555555555555556 0.2 0.2
1 0.2111111111111111 0.5111111111111111 0.23333333333333334 0.21666666666666667
1 0.8555555555555555 0.5347222222222222 0.23333333333333334 0.25277777777777777
1 0.15416666666666667 0.10555555555555556 0.19722222222222222 0.20555555555555555
1 0.7125 0.30277777777777776 0.20833333333333334 0.2222222222222222
1 0.13472222222222222 0.8763888888888889 0.225 0.2361111111111111
1 0.09444444444444444 0.25972222222222224 0.18888888888888888 0.18611111111111112