2 0.7597222222222222 0.22916666666666666 0.48055555555555557 0.4583333333333333
1 0.8319444444444445 0.28194444444444444 0.21944444444444444 0.175
0 0.9611111111111111 0.9888888888888889 0.07222222222222222 0.022222222222222223
1 0.9763888888888889 0.5527777777777778 0.04722222222222222 0.18888888888888888
1 0.8875 0.15416666666666667 0.20833333333333334 0.19166666666666668
0 0.4152777777777778 0.30416666666666664 0.08055555555555556 0.06944444444444445
1 0.9666666666666667 0.36527777777777776 0.06666666666666667 0.19166666666666668
1 0.09166666666666666 0.6208333333333333 0.18333333333333332 0.225
1 0.2777777777777778 0.675 0.2 0.15
1 0.09166666666666666 0.05138888888888889 0.18333333333333332 0.10277777777777777
1 0.9333333333333333 0.7597222222222222 0.13333333333333333 0.2361111111111111
1 0.11388888888888889 0.24305555555555555 0.2222222222222222 0.25277777777777777
2 0.5125 0.5166666666666667 0.41944444444444445 0.4222222222222222
1 0.6583333333333333 0.7847222222222222 0.19444444444444445 0.20277777777777778
1 0.8625 0.5875 0.21944444444444444 0.20277777777777778
1 0.4125 0.08888888888888889 0.20277777777777778 0.17777777777777778
1 0.6194444444444445 0.17777777777777778 0.2222222222222222 0.18333333333333332
1 0.24166666666666667 0.9152777777777777 0.2111111111111111 0.16944444444444445