1 0.6152777777777778 0.2361111111111111 0.18611111111111112 0.15555555555555556
1 0.9819444444444444 0.7291666666666666 0.03611111111111111 0.20833333333333334
1 0.03333333333333333 0.11944444444444445 0.06666666666666667 0.15
1 0.5125 0.20277777777777778 0.20833333333333334 0.21666666666666667
1 0.6013888888888889 0.9611111111111111 0.18055555555555555 0.07777777777777778
1 0.17916666666666667 0.9555555555555556 0.18611111111111112 0.08888888888888889
2 0.5236111111111111 0.5236111111111111 0.44166666666666665 0.4361111111111111
1 0.17222222222222222 0.4111111111111111 0.2 0.20555555555555555
1 0.49444444444444446 0.8527777777777777 0.21666666666666667 0.2111111111111111
1 0.11527777777777778 0.06388888888888888 0.19166666666666668 0.12777777777777777
1 0.8375 0.7069444444444445 0.23055555555555557 0.20833333333333334
1 0.17083333333333334 0.22083333333333333 0.2361111111111111 0.19722222222222222
1 0.7944444444444444 0.9208333333333333 0.21666666666666667 0.15833333333333333
1 0.29583333333333334 0.8652777777777778 0.20277777777777778 0.21388888888888888
1 0.26944444444444443 0.6652777777777777 0.2111111111111111 0.20277777777777778
1 0.9152777777777777 0.5388888888888889 0.16944444444444445 0.2