1 0.4027777777777778 0.21388888888888888 0.19444444444444445 0.22777777777777777
0 0.6902777777777778 0.09166666666666666 0.18611111111111112 0.17777777777777778
1 0.9805555555555555 0.10277777777777777 0.03888888888888889 0.18333333333333332
1 0.02361111111111111 0.5694444444444444 0.04722222222222222 0.2222222222222222
1 0.9111111111111111 0.20416666666666666 0.17222222222222222 0.19722222222222222
1 0.03611111111111111 0.3541666666666667 0.07222222222222222 0.225
1 0.3375 0.27361111111111114 0.19722222222222222 0.20277777777777778
1 0.6930555555555555 0.08888888888888889 0.18611111111111112 0.17222222222222222
1 0.8958333333333334 0.8027777777777778 0.20277777777777778 0.21666666666666667
1 0.4305555555555556 0.9083333333333333 0.21666666666666667 0.18333333333333332
1 0.05277777777777778 0.7902777777777777 0.10555555555555556 0.2361111111111111
1 0.13333333333333333 0.1597222222222222 0.24444444444444444 0.21944444444444444
1 0.6444444444444445 0.7652777777777777 0.20555555555555555 0.20833333333333334
1 0.1625 0.8569444444444444 0.19722222222222222 0.28055555555555556
2 0.5416666666666666 0.4861111111111111 0.4111111111111111 0.4388888888888889
1 0.17777777777777778 0.4152777777777778 0.19444444444444445 0.23055555555555557
1 0.7722222222222223 0.9347222222222222 0.18888888888888888 0.13055555555555556