1 0.8097222222222222 0.02638888888888889 0.15833333333333333 0.05277777777777778
1 0.9791666666666666 0.5555555555555556 0.041666666666666664 0.21666666666666667
1 0.9347222222222222 0.03333333333333333 0.13055555555555556 0.06666666666666667
1 0.06527777777777778 0.05 0.13055555555555556 0.09444444444444444
1 0.36527777777777776 0.043055555555555555 0.20833333333333334 0.08611111111111111
1 0.6138888888888889 0.04027777777777778 0.2111111111111111 0.08055555555555556
1 0.8805555555555555 0.18055555555555555 0.21666666666666667 0.2222222222222222
1 0.8902777777777777 0.7194444444444444 0.19166666666666668 0.2111111111111111
2 0.5236111111111111 0.49722222222222223 0.3861111111111111 0.3888888888888889
1 0.6791666666666667 0.75 0.225 0.20555555555555555
1 0.9013888888888889 0.9208333333333333 0.19722222222222222 0.15833333333333333
1 0.3763888888888889 0.9347222222222222 0.24722222222222223 0.125
1 0.10694444444444444 0.8805555555555555 0.18055555555555555 0.2388888888888889
1 0.23472222222222222 0.4236111111111111 0.225 0.225
1 0.8486111111111111 0.5138888888888888 0.21944444444444444 0.17777777777777778
1 0.6569444444444444 0.18194444444444444 0.24166666666666667 0.16944444444444445
1 0.225 0.20972222222222223 0.19444444444444445 0.20833333333333334
1 0.6041666666666666 0.9208333333333333 0.21388888888888888 0.15833333333333333