1 0.6277777777777778 0.7611111111111111 0.2388888888888889 0.2
1 0.7597222222222222 0.8625 0.225 0.25833333333333336
1 0.5944444444444444 0.03194444444444444 0.3111111111111111 0.06388888888888888
1 0.2263888888888889 0.9666666666666667 0.18611111111111112 0.06666666666666667
1 0.6388888888888888 0.9625 0.2222222222222222 0.075
1 0.1625 0.9138888888888889 0.21388888888888888 0.17222222222222222
1 0.02638888888888889 0.8972222222222223 0.05277777777777778 0.2
0 0.12916666666666668 0.13333333333333333 0.10833333333333334 0.08888888888888889
1 0.48055555555555557 0.9055555555555556 0.18888888888888888 0.18888888888888888
1 0.2861111111111111 0.2388888888888889 0.25 0.21666666666666667
0 0.13194444444444445 0.4125 0.09166666666666666 0.08611111111111111
1 0.05 0.2388888888888889 0.1 0.23333333333333334
1 0.8861111111111111 0.3236111111111111 0.2222222222222222 0.21944444444444444
1 0.04027777777777778 0.5444444444444444 0.075 0.23333333333333334
1 0.2875 0.775 0.20833333333333334 0.21666666666666667
1 0.9430555555555555 0.5611111111111111 0.10833333333333334 0.23333333333333334
1 0.22777777777777777 0.5847222222222223 0.2111111111111111 0.20277777777777778
2 0.5027777777777778 0.5083333333333333 0.37777777777777777 0.37777777777777777
1 0.8694444444444445 0.12222222222222222 0.25 0.20555555555555555