1 0.7708333333333334 0.9444444444444444 0.25277777777777777 0.10555555555555556
1 0.7402777777777778 0.04722222222222222 0.25277777777777777 0.08888888888888889
1 0.3138888888888889 0.8944444444444445 0.26666666666666666 0.20555555555555555
1 0.034722222222222224 0.4791666666666667 0.06944444444444445 0.25277777777777777
1 0.03333333333333333 0.9402777777777778 0.06666666666666667 0.11388888888888889
1 0.10277777777777777 0.05277777777777778 0.2 0.10555555555555556
1 0.9263888888888889 0.475 0.14166666666666666 0.18333333333333332
2 0.49027777777777776 0.49722222222222223 0.3861111111111111 0.37777777777777777
1 0.15555555555555556 0.6069444444444444 0.3111111111111111 0.2361111111111111
1 0.11805555555555555 0.3138888888888889 0.225 0.23333333333333334
1 0.6763888888888889 0.1527777777777778 0.16944444444444445 0.18888888888888888
1 0.7986111111111112 0.27361111111111114 0.18055555555555555 0.20277777777777778
1 0.3402777777777778 0.041666666666666664 0.19166666666666668 0.08333333333333333
1 0.2638888888888889 0.16805555555555557 0.2388888888888889 0.21388888888888888
1 0.13194444444444445 0.825 0.18611111111111112 0.2222222222222222
1 0.49027777777777776 0.13055555555555556 0.19722222222222222 0.20555555555555555
1 0.6055555555555555 0.8930555555555556 0.2111111111111111 0.21388888888888888