1 0.7013888888888888 0.9833333333333333 0.23055555555555557 0.03333333333333333
1 0.8152777777777778 0.7833333333333333 0.33611111111111114 0.43333333333333335
1 0.8722222222222222 0.6583333333333333 0.18333333333333332 0.2
1 0.18055555555555555 0.30277777777777776 0.18333333333333332 0.19444444444444445
1 0.4111111111111111 0.8791666666666667 0.2611111111111111 0.24166666666666667
1 0.9694444444444444 0.6333333333333333 0.06111111111111111 0.21666666666666667
1 0.4791666666666667 0.9208333333333333 0.18611111111111112 0.15833333333333333
1 0.7361111111111112 0.16527777777777777 0.12777777777777777 0.14722222222222223
1 0.044444444444444446 0.12361111111111112 0.08333333333333333 0.24722222222222223
1 0.19027777777777777 0.5347222222222222 0.23055555555555557 0.20277777777777778
1 0.7236111111111111 0.05555555555555555 0.24166666666666667 0.1111111111111111
1 0.04722222222222222 0.3527777777777778 0.08888888888888889 0.23333333333333334
1 0.9152777777777777 0.07916666666666666 0.16944444444444445 0.15833333333333333
1 0.9541666666666667 0.425 0.09166666666666666 0.23333333333333334
1 0.05555555555555555 0.8069444444444445 0.1111111111111111 0.21388888888888888
1 0.7944444444444444 0.8069444444444445 0.22777777777777777 0.23055555555555557
1 0.35138888888888886 0.125 0.21944444444444444 0.19444444444444445
2 0.5402777777777777 0.48194444444444445 0.575 0.6138888888888889