1 0.16666666666666666 0.18055555555555555 0.3333333333333333 0.3611111111111111
1 0.9291666666666667 0.5138888888888888 0.14166666666666666 0.18333333333333332
1 0.3888888888888889 0.9833333333333333 0.22777777777777777 0.03333333333333333
1 0.02361111111111111 0.6888888888888889 0.04722222222222222 0.2111111111111111
1 0.5986111111111111 0.9708333333333333 0.2361111111111111 0.058333333333333334
1 0.5305555555555556 0.9222222222222223 0.18333333333333332 0.15555555555555556
1 0.05 0.16805555555555557 0.09444444444444444 0.225
1 0.059722222222222225 0.044444444444444446 0.11944444444444445 0.08333333333333333
1 0.12361111111111112 0.16527777777777777 0.19166666666666668 0.2361111111111111
1 0.7458333333333333 0.1597222222222222 0.225 0.20277777777777778
1 0.6902777777777778 0.7819444444444444 0.2361111111111111 0.23055555555555557
1 0.9458333333333333 0.9166666666666666 0.10833333333333334 0.16666666666666666
1 0.9041666666666667 0.7541666666666667 0.18611111111111112 0.19166666666666668
1 0.7708333333333334 0.5583333333333333 0.19722222222222222 0.22777777777777777
1 0.8805555555555555 0.37916666666666665 0.20555555555555555 0.21944444444444444
2 0.49444444444444446 0.5805555555555556 0.42777777777777776 0.42777777777777776
1 0.5597222222222222 0.2875 0.21388888888888888 0.19722222222222222
1 0.47638888888888886 0.08888888888888889 0.20277777777777778 0.17222222222222222
1 0.18333333333333332 0.4625 0.2 0.19166666666666668
1 0.34444444444444444 0.3194444444444444 0.2222222222222222 0.17777777777777778