1 0.34444444444444444 0.9319444444444445 0.23333333333333334 0.1361111111111111
1 0.9083333333333333 0.013888888888888888 0.18333333333333332 0.027777777777777776
1 0.38472222222222224 0.21666666666666667 0.20833333333333334 0.18333333333333332
1 0.9847222222222223 0.46805555555555556 0.030555555555555555 0.18611111111111112
1 0.3138888888888889 0.9833333333333333 0.19444444444444445 0.03333333333333333
1 0.5847222222222223 0.09166666666666666 0.21388888888888888 0.17777777777777778
1 0.8097222222222222 0.18333333333333332 0.225 0.2777777777777778
1 0.8694444444444445 0.7472222222222222 0.20555555555555555 0.22777777777777777
1 0.6069444444444444 0.7319444444444444 0.19722222222222222 0.18611111111111112
1 0.022222222222222223 0.4597222222222222 0.044444444444444446 0.24166666666666667
2 0.8097222222222222 0.18611111111111112 0.225 0.2777777777777778
1 0.24166666666666667 0.23055555555555557 0.25 0.2222222222222222
1 0.21805555555555556 0.8527777777777777 0.21944444444444444 0.2
1 0.1875 0.6236111111111111 0.2361111111111111 0.21388888888888888
1 0.03888888888888889 0.24305555555555555 0.07222222222222222 0.25833333333333336
1 0.4888888888888889 0.08611111111111111 0.22777777777777777 0.17222222222222222
1 0.9166666666666666 0.5472222222222223 0.16666666666666666 0.24444444444444444
1 0.10416666666666667 0.06527777777777778 0.20277777777777778 0.13055555555555556
1 0.45 0.8111111111111111 0.2222222222222222 0.20555555555555555
1 0.9194444444444444 0.3388888888888889 0.16111111111111112 0.19444444444444445
2 0.46111111111111114 0.5166666666666667 0.3888888888888889 0.3888888888888889