1 0.5638888888888889 0.015277777777777777 0.2388888888888889 0.030555555555555555
1 0.7944444444444444 0.7986111111111112 0.22777777777777777 0.21388888888888888
1 0.9805555555555555 0.18055555555555555 0.03888888888888889 0.26666666666666666
0 0.17777777777777778 0.49027777777777776 0.06666666666666667 0.06944444444444445
1 0.06666666666666667 0.9444444444444444 0.13333333333333333 0.1111111111111111
1 0.8708333333333333 0.5666666666666667 0.225 0.21666666666666667
1 0.0875 0.7125 0.175 0.2861111111111111
1 0.7944444444444444 0.3625 0.25 0.23055555555555557
1 0.3597222222222222 0.041666666666666664 0.275 0.08333333333333333
1 0.7541666666666667 0.9388888888888889 0.20833333333333334 0.12222222222222222
2 0.49722222222222223 0.5375 0.4722222222222222 0.475
1 0.275 0.2625 0.24444444444444444 0.25277777777777777
1 0.0875 0.32083333333333336 0.16944444444444445 0.25833333333333336
1 0.4722222222222222 0.8722222222222222 0.22777777777777777 0.25
1 0.2388888888888889 0.9138888888888889 0.2222222222222222 0.17222222222222222