1 0.018055555555555554 0.7180555555555556 0.03611111111111111 0.25833333333333336
1 0.9708333333333333 0.043055555555555555 0.058333333333333334 0.08611111111111111
1 0.9527777777777777 0.1638888888888889 0.09444444444444444 0.21666666666666667
1 0.9180555555555555 0.3680555555555556 0.1638888888888889 0.26944444444444443
2 0.49722222222222223 0.44305555555555554 0.45555555555555555 0.44722222222222224
1 0.04027777777777778 0.3402777777777778 0.08055555555555556 0.23055555555555557
1 0.05 0.9444444444444444 0.1 0.1111111111111111
1 0.7555555555555555 0.6486111111111111 0.2222222222222222 0.21388888888888888
1 0.8236111111111111 0.2 0.24166666666666667 0.2222222222222222
1 0.6416666666666667 0.08194444444444444 0.20555555555555555 0.1638888888888889
1 0.08055555555555556 0.044444444444444446 0.16111111111111112 0.08888888888888889
1 0.3263888888888889 0.6930555555555555 0.20277777777777778 0.19722222222222222
1 0.1111111111111111 0.17222222222222222 0.2222222222222222 0.2111111111111111
1 0.8444444444444444 0.8652777777777778 0.25 0.225
1 0.5527777777777778 0.7402777777777778 0.20555555555555555 0.19722222222222222
1 0.7777777777777778 0.4152777777777778 0.17222222222222222 0.20277777777777778
1 0.1597222222222222 0.8569444444444444 0.20833333333333334 0.21944444444444444
1 0.4152777777777778 0.8805555555555555 0.24722222222222223 0.2111111111111111