1 0.7777777777777778 0.7152777777777778 0.2111111111111111 0.275
1 0.3486111111111111 0.2611111111111111 0.225 0.17777777777777778
1 0.9875 0.6861111111111111 0.025 0.2388888888888889
1 0.7833333333333333 0.013888888888888888 0.2 0.027777777777777776
1 0.22083333333333333 0.013888888888888888 0.19166666666666668 0.027777777777777776
1 0.08888888888888889 0.10555555555555556 0.17777777777777778 0.2111111111111111
0 0.041666666666666664 0.27361111111111114 0.07222222222222222 0.06944444444444445
1 0.9125 0.041666666666666664 0.16944444444444445 0.08333333333333333
1 0.9555555555555556 0.21944444444444444 0.08888888888888889 0.2611111111111111
2 0.09027777777777778 0.10555555555555556 0.18055555555555555 0.2111111111111111
1 0.8694444444444445 0.30416666666666664 0.20555555555555555 0.2638888888888889
1 0.059722222222222225 0.4013888888888889 0.11944444444444445 0.21388888888888888
1 0.2375 0.8333333333333334 0.275 0.2388888888888889
2 0.4875 0.4888888888888889 0.4583333333333333 0.4722222222222222
1 0.6972222222222222 0.2569444444444444 0.2222222222222222 0.21388888888888888
1 0.8652777777777778 0.7333333333333333 0.2361111111111111 0.2388888888888889
1 0.2652777777777778 0.11666666666666667 0.21388888888888888 0.22777777777777777
1 0.7972222222222223 0.9111111111111111 0.2388888888888889 0.17777777777777778