0 0.13472222222222222 0.8388888888888889 0.09722222222222222 0.11666666666666667
1 0.9833333333333333 0.3388888888888889 0.03333333333333333 0.22777777777777777
1 0.9638888888888889 0.09305555555555556 0.07222222222222222 0.18611111111111112
1 0.2388888888888889 0.8041666666666667 0.18888888888888888 0.24722222222222223
1 0.09305555555555556 0.9305555555555556 0.18611111111111112 0.1388888888888889
1 0.7402777777777778 0.6444444444444445 0.24166666666666667 0.24444444444444444
1 0.8583333333333333 0.9347222222222222 0.2388888888888889 0.125
2 0.4888888888888889 0.5180555555555556 0.43333333333333335 0.4361111111111111
1 0.4791666666666667 0.9277777777777778 0.2638888888888889 0.14444444444444443
1 0.8055555555555556 0.07916666666666666 0.20555555555555555 0.15833333333333333
1 0.2361111111111111 0.07083333333333333 0.2388888888888889 0.14166666666666666
1 0.7125 0.3638888888888889 0.19722222222222222 0.2222222222222222
1 0.6180555555555556 0.07222222222222222 0.19722222222222222 0.14444444444444443
1 0.9152777777777777 0.7638888888888888 0.16944444444444445 0.2222222222222222
1 0.33194444444444443 0.23055555555555557 0.24166666666666667 0.2111111111111111