1 0.28055555555555556 0.8222222222222222 0.40555555555555556 0.35555555555555557
1 0.29305555555555557 0.9763888888888889 0.19722222222222222 0.04722222222222222
1 0.020833333333333332 0.5583333333333333 0.041666666666666664 0.2222222222222222
1 0.6055555555555555 0.2361111111111111 0.2388888888888889 0.17777777777777778
1 0.9305555555555556 0.9027777777777778 0.1388888888888889 0.18888888888888888
1 0.03333333333333333 0.7541666666666667 0.06666666666666667 0.20277777777777778
1 0.9347222222222222 0.5416666666666666 0.125 0.21666666666666667
1 0.8416666666666667 0.08888888888888889 0.21666666666666667 0.17777777777777778
1 0.044444444444444446 0.2833333333333333 0.08888888888888889 0.18333333333333332
1 0.2722222222222222 0.8763888888888889 0.2 0.225
1 0.10416666666666667 0.05138888888888889 0.16944444444444445 0.09722222222222222
2 0.525 0.5472222222222223 0.45 0.45555555555555555
1 0.5583333333333333 0.1388888888888889 0.2 0.2
1 0.18055555555555555 0.19722222222222222 0.2111111111111111 0.2
1 0.8236111111111111 0.7097222222222223 0.20833333333333334 0.175
1 0.22916666666666666 0.6555555555555556 0.21388888888888888 0.21666666666666667
1 0.5458333333333333 0.9055555555555556 0.21388888888888888 0.18888888888888888
1 0.6958333333333333 0.8138888888888889 0.19722222222222222 0.2111111111111111
1 0.13472222222222222 0.4861111111111111 0.225 0.2
1 0.3819444444444444 0.26805555555555555 0.19166666666666668 0.20277777777777778