1 0.31666666666666665 0.18472222222222223 0.3888888888888889 0.36944444444444446
1 0.3236111111111111 0.25277777777777777 0.225 0.20555555555555555
1 0.7333333333333333 0.9819444444444444 0.2222222222222222 0.03611111111111111
1 0.9722222222222222 0.5680555555555555 0.05555555555555555 0.2361111111111111
1 0.18333333333333332 0.5583333333333333 0.17222222222222222 0.26666666666666666
1 0.12638888888888888 0.35833333333333334 0.225 0.2
1 0.12638888888888888 0.9416666666666667 0.225 0.1111111111111111
1 0.9222222222222223 0.9444444444444444 0.15555555555555556 0.1111111111111111
1 0.29583333333333334 0.10694444444444444 0.21944444444444444 0.18055555555555555
1 0.12916666666666668 0.0625 0.21944444444444444 0.11944444444444445
1 0.6111111111111112 0.8708333333333333 0.20555555555555555 0.21388888888888888
1 0.7333333333333333 0.2 0.2222222222222222 0.21666666666666667
1 0.20833333333333334 0.7972222222222223 0.2 0.17777777777777778
1 0.8458333333333333 0.075 0.2361111111111111 0.15
2 0.5236111111111111 0.4791666666666667 0.5305555555555556 0.5527777777777778
1 0.45694444444444443 0.9222222222222223 0.21388888888888888 0.15555555555555556
1 0.8 0.8777777777777778 0.21666666666666667 0.23333333333333334
1 0.07916666666666666 0.20555555555555555 0.1527777777777778 0.18888888888888888
1 0.08888888888888889 0.5875 0.17777777777777778 0.19166666666666668