1 0.8652777777777778 0.49583333333333335 0.24722222222222223 0.4583333333333333
1 0.1361111111111111 0.14583333333333334 0.2722222222222222 0.2916666666666667
1 0.9 0.0625 0.2 0.125
1 0.8875 0.14583333333333334 0.21944444444444444 0.275
1 0.027777777777777776 0.5486111111111112 0.05555555555555555 0.18055555555555555
1 0.225 0.5 0.2 0.2388888888888889
1 0.9375 0.2111111111111111 0.125 0.2
1 0.7263888888888889 0.8208333333333333 0.225 0.19166666666666668
1 0.5583333333333333 0.7986111111111112 0.17222222222222222 0.19166666666666668
1 0.27361111111111114 0.029166666666666667 0.25277777777777777 0.058333333333333334
1 0.42916666666666664 0.9430555555555555 0.26944444444444443 0.10833333333333334
0 0.4083333333333333 0.30833333333333335 0.06111111111111111 0.06666666666666667
1 0.9388888888888889 0.7527777777777778 0.11666666666666667 0.2388888888888889
1 0.7013888888888888 0.19444444444444445 0.20277777777777778 0.16666666666666666
1 0.075 0.9027777777777778 0.15 0.19444444444444445
2 0.5069444444444444 0.4930555555555556 0.4027777777777778 0.4027777777777778
1 0.34305555555555556 0.7277777777777777 0.2361111111111111 0.2111111111111111
1 0.06527777777777778 0.11388888888888889 0.13055555555555556 0.2222222222222222
1 0.0875 0.6208333333333333 0.15833333333333333 0.18611111111111112
1 0.1111111111111111 0.3611111111111111 0.21666666666666667 0.18888888888888888
1 0.8597222222222223 0.5097222222222222 0.21388888888888888 0.225
1 0.49444444444444446 0.18472222222222223 0.18333333333333332 0.20833333333333334