1 0.9875 0.20694444444444443 0.025 0.2361111111111111
2 0.7097222222222223 0.9847222222222223 0.24166666666666667 0.025
1 0.5055555555555555 0.016666666666666666 0.31666666666666665 0.03333333333333333
1 0.8402777777777778 0.6666666666666666 0.18055555555555555 0.20555555555555555
1 0.34305555555555556 0.9805555555555555 0.19722222222222222 0.03333333333333333
1 0.12083333333333333 0.9791666666666666 0.23055555555555557 0.041666666666666664
1 0.9652777777777778 0.3875 0.06944444444444445 0.18611111111111112
0 0.43194444444444446 0.8097222222222222 0.09166666666666666 0.06944444444444445
1 0.9666666666666667 0.9027777777777778 0.06666666666666667 0.19444444444444445
1 0.9513888888888888 0.7208333333333333 0.09722222222222222 0.18611111111111112
1 0.31666666666666665 0.7847222222222222 0.17777777777777778 0.21388888888888888
2 0.5097222222222222 0.5069444444444444 0.4027777777777778 0.3972222222222222
1 0.7125 0.6861111111111111 0.21388888888888888 0.2111111111111111
1 0.09305555555555556 0.25 0.18611111111111112 0.23333333333333334
1 0.8916666666666667 0.09444444444444444 0.2111111111111111 0.18333333333333332
1 0.5763888888888888 0.21388888888888888 0.20277777777777778 0.21666666666666667
1 0.8361111111111111 0.8819444444444444 0.21666666666666667 0.23055555555555557