1 0.8763888888888889 0.8611111111111112 0.24722222222222223 0.2777777777777778
1 0.8236111111111111 0.5402777777777777 0.20833333333333334 0.24722222222222223
1 0.21805555555555556 0.7263888888888889 0.18611111111111112 0.20833333333333334
1 0.7805555555555556 0.9805555555555555 0.21666666666666667 0.03888888888888889
1 0.31527777777777777 0.02361111111111111 0.225 0.04722222222222222
1 0.2902777777777778 0.15833333333333333 0.24722222222222223 0.25555555555555554
1 0.15694444444444444 0.8166666666666667 0.20277777777777778 0.28888888888888886
1 0.06944444444444445 0.6055555555555555 0.1388888888888889 0.28888888888888886
1 0.6569444444444444 0.20555555555555555 0.19722222222222222 0.2388888888888889
1 0.7208333333333333 0.06944444444444445 0.23055555555555557 0.1388888888888889
2 0.5097222222222222 0.4888888888888889 0.44166666666666665 0.45555555555555555
1 0.8763888888888889 0.7736111111111111 0.24166666666666667 0.19722222222222222
1 0.9263888888888889 0.9402777777777778 0.14722222222222223 0.11944444444444445
1 0.375 0.8583333333333333 0.19444444444444445 0.24444444444444444
1 0.09861111111111111 0.2902777777777778 0.19722222222222222 0.20277777777777778
1 0.11666666666666667 0.08472222222222223 0.22777777777777777 0.16944444444444445