1 0.5180555555555556 0.0625 0.36944444444444446 0.125
1 0.06527777777777778 0.07222222222222222 0.13055555555555556 0.14444444444444443
1 0.2916666666666667 0.9722222222222222 0.31666666666666665 0.05555555555555555
1 0.15694444444444444 0.8458333333333333 0.30833333333333335 0.25833333333333336
1 0.9416666666666667 0.6875 0.11666666666666667 0.175
1 0.4375 0.06111111111111111 0.1638888888888889 0.11666666666666667
1 0.05416666666666667 0.23472222222222222 0.10833333333333334 0.23055555555555557
1 0.8125 0.5041666666666667 0.2361111111111111 0.2361111111111111
1 0.7027777777777777 0.7083333333333334 0.25 0.23333333333333334
1 0.1388888888888889 0.6208333333333333 0.26666666666666666 0.20833333333333334
2 0.475 0.5138888888888888 0.40555555555555556 0.4388888888888889
1 0.7194444444444444 0.9194444444444444 0.23333333333333334 0.16111111111111112
1 0.5680555555555555 0.19722222222222222 0.2638888888888889 0.19444444444444445
1 0.8 0.08333333333333333 0.25 0.16666666666666666