1 0.9694444444444444 0.7833333333333333 0.06111111111111111 0.20555555555555555
1 0.8930555555555556 0.013888888888888888 0.21388888888888888 0.027777777777777776
1 0.825 0.1486111111111111 0.31666666666666665 0.2972222222222222
1 0.14305555555555555 0.8194444444444444 0.2861111111111111 0.3611111111111111
1 0.6847222222222222 0.7055555555555556 0.18611111111111112 0.20555555555555555
1 0.05277777777777778 0.5388888888888889 0.10555555555555556 0.2222222222222222
1 0.25277777777777777 0.9638888888888889 0.22777777777777777 0.07222222222222222
1 0.2111111111111111 0.33194444444444443 0.2611111111111111 0.23055555555555557
1 0.43333333333333335 0.03333333333333333 0.19444444444444445 0.06666666666666667
1 0.7111111111111111 0.9638888888888889 0.19444444444444445 0.07222222222222222
1 0.8194444444444444 0.7805555555555556 0.18888888888888888 0.2388888888888889
1 0.9125 0.41805555555555557 0.175 0.175
1 0.7958333333333333 0.09444444444444444 0.21388888888888888 0.18888888888888888
1 0.1486111111111111 0.7194444444444444 0.19166666666666668 0.16666666666666666
1 0.5027777777777778 0.9305555555555556 0.2222222222222222 0.1388888888888889
2 0.5111111111111111 0.44722222222222224 0.4222222222222222 0.4388888888888889
1 0.6111111111111112 0.0625 0.2 0.125
1 0.5388888888888889 0.7277777777777777 0.2111111111111111 0.18333333333333332
1 0.09305555555555556 0.10416666666666667 0.18611111111111112 0.1527777777777778
1 0.35833333333333334 0.6763888888888889 0.21666666666666667 0.18611111111111112
1 0.7902777777777777 0.2847222222222222 0.21944444444444444 0.225
1 0.08472222222222223 0.8583333333333333 0.16944444444444445 0.2111111111111111