1 0.09444444444444444 0.8680555555555556 0.18888888888888888 0.25833333333333336
1 0.013888888888888888 0.5930555555555556 0.027777777777777776 0.275
1 0.19305555555555556 0.0763888888888889 0.325 0.1527777777777778
1 0.2111111111111111 0.05138888888888889 0.20555555555555555 0.10277777777777777
1 0.06944444444444445 0.12222222222222222 0.13333333333333333 0.23333333333333334
1 0.9402777777777778 0.0763888888888889 0.11388888888888889 0.1527777777777778
1 0.2902777777777778 0.26805555555555555 0.21388888888888888 0.2861111111111111
1 0.8875 0.9361111111111111 0.225 0.12777777777777777
1 0.6180555555555556 0.17083333333333334 0.18611111111111112 0.25277777777777777
1 0.10416666666666667 0.375 0.19722222222222222 0.17222222222222222
1 0.275 0.725 0.2111111111111111 0.2722222222222222
2 0.5194444444444445 0.5111111111111111 0.40555555555555556 0.4166666666666667
1 0.26666666666666666 0.5069444444444444 0.18333333333333332 0.18611111111111112
1 0.7888888888888889 0.35555555555555557 0.2388888888888889 0.23333333333333334
1 0.08888888888888889 0.7652777777777777 0.17777777777777778 0.20833333333333334