1 0.16527777777777777 0.1375 0.33055555555555555 0.275
1 0.9333333333333333 0.9652777777777778 0.13333333333333333 0.06388888888888888
1 0.23194444444444445 0.9791666666666666 0.24722222222222223 0.03611111111111111
1 0.034722222222222224 0.9166666666666666 0.06944444444444445 0.16111111111111112
1 0.7638888888888888 0.85 0.23333333333333334 0.19444444444444445
1 0.07916666666666666 0.7166666666666667 0.15833333333333333 0.29444444444444445
1 0.7027777777777777 0.03333333333333333 0.21666666666666667 0.06666666666666667
1 0.5611111111111111 0.11527777777777778 0.2222222222222222 0.225
1 0.04583333333333333 0.18333333333333332 0.08611111111111111 0.2611111111111111
1 0.5125 0.8027777777777778 0.25833333333333336 0.2111111111111111
1 0.14166666666666666 0.07083333333333333 0.25555555555555554 0.1361111111111111
1 0.8958333333333334 0.04722222222222222 0.19166666666666668 0.09444444444444444
1 0.1375 0.8930555555555556 0.2361111111111111 0.20833333333333334
1 0.3347222222222222 0.22777777777777777 0.23055555555555557 0.2
2 0.5097222222222222 0.4861111111111111 0.49722222222222223 0.5
1 0.12916666666666668 0.32916666666666666 0.225 0.225
1 0.8111111111111111 0.17083333333333334 0.25555555555555554 0.18611111111111112