1 0.17916666666666667 0.1527777777777778 0.35833333333333334 0.3055555555555556
1 0.9861111111111112 0.6138888888888889 0.027777777777777776 0.2388888888888889
1 0.2569444444444444 0.9833333333333333 0.25277777777777777 0.03333333333333333
1 0.95 0.9819444444444444 0.1 0.03611111111111111
2 0.03888888888888889 0.85 0.07777777777777778 0.29444444444444445
1 0.7541666666666667 0.3902777777777778 0.21944444444444444 0.23055555555555557
1 0.7097222222222223 0.6013888888888889 0.23055555555555557 0.19722222222222222
1 0.0375 0.2611111111111111 0.075 0.25
1 0.9527777777777777 0.8375 0.09444444444444444 0.21944444444444444
1 0.3388888888888889 0.7541666666666667 0.2111111111111111 0.20833333333333334
1 0.21944444444444444 0.04861111111111111 0.2222222222222222 0.09722222222222222
1 0.5277777777777778 0.09861111111111111 0.26666666666666666 0.19166666666666668
1 0.8027777777777778 0.7555555555555555 0.22777777777777777 0.15555555555555556
1 0.8388888888888889 0.20555555555555555 0.21666666666666667 0.2111111111111111
1 0.5430555555555555 0.75 0.20277777777777778 0.18333333333333332
2 0.4777777777777778 0.4708333333333333 0.4166666666666667 0.41944444444444445
1 0.6513888888888889 0.25277777777777777 0.175 0.19444444444444445
1 0.06111111111111111 0.5055555555555555 0.12222222222222222 0.2611111111111111
1 0.4152777777777778 0.9041666666666667 0.19166666666666668 0.19166666666666668
1 0.1625 0.6791666666666667 0.21944444444444444 0.25833333333333336
1 0.6736111111111112 0.9180555555555555 0.275 0.1638888888888889