1 0.08472222222222223 0.9555555555555556 0.1638888888888889 0.08888888888888889
1 0.9666666666666667 0.6347222222222222 0.06666666666666667 0.28055555555555556
1 0.1361111111111111 0.9791666666666666 0.18333333333333332 0.041666666666666664
1 0.044444444444444446 0.04722222222222222 0.08888888888888889 0.09444444444444444
1 0.5277777777777778 0.9527777777777777 0.24444444444444444 0.09444444444444444
1 0.3597222222222222 0.17222222222222222 0.26944444444444443 0.18333333333333332
1 0.9041666666666667 0.4097222222222222 0.18611111111111112 0.21944444444444444
1 0.25555555555555554 0.875 0.23333333333333334 0.25
1 0.46944444444444444 0.8333333333333334 0.21666666666666667 0.2
1 0.8791666666666667 0.1361111111111111 0.2361111111111111 0.2388888888888889
1 0.6638888888888889 0.8055555555555556 0.2388888888888889 0.2222222222222222
1 0.14166666666666666 0.09444444444444444 0.18888888888888888 0.18888888888888888
2 0.4888888888888889 0.5333333333333333 0.46111111111111114 0.46111111111111114
1 0.8972222222222223 0.8222222222222222 0.2 0.2222222222222222
1 0.6680555555555555 0.06388888888888888 0.23055555555555557 0.12777777777777777
1 0.17777777777777778 0.4986111111111111 0.20555555555555555 0.25277777777777777