1 0.3347222222222222 0.3138888888888889 0.20833333333333334 0.19444444444444445
1 0.07361111111111111 0.9416666666666667 0.14722222222222223 0.1111111111111111
1 0.8722222222222222 0.8125 0.18333333333333332 0.15833333333333333
0 0.6291666666666667 0.30277777777777776 0.09166666666666666 0.10555555555555556
1 0.7888888888888889 0.9291666666666667 0.2388888888888889 0.14166666666666666
1 0.03333333333333333 0.4388888888888889 0.06666666666666667 0.19444444444444445
1 0.13055555555555556 0.059722222222222225 0.25 0.11944444444444445
1 0.9694444444444444 0.9458333333333333 0.06111111111111111 0.10833333333333334
1 0.6847222222222222 0.7791666666666667 0.24722222222222223 0.24722222222222223
1 0.9263888888888889 0.03194444444444444 0.14166666666666666 0.06388888888888888
1 0.75 0.11388888888888889 0.2388888888888889 0.2
1 0.06111111111111111 0.8736111111111111 0.12222222222222222 0.18611111111111112
1 0.29305555555555557 0.9319444444444445 0.26944444444444443 0.1361111111111111
2 0.5041666666666667 0.5222222222222223 0.39166666666666666 0.3888888888888889
1 0.8180555555555555 0.6458333333333334 0.225 0.225
1 0.15 0.3680555555555556 0.2111111111111111 0.19722222222222222
1 0.10555555555555556 0.5819444444444445 0.2111111111111111 0.18611111111111112
1 0.20277777777777778 0.18055555555555555 0.2111111111111111 0.2
1 0.8958333333333334 0.33194444444444443 0.20833333333333334 0.19722222222222222
1 0.5180555555555556 0.1 0.21388888888888888 0.2
1 0.24166666666666667 0.7625 0.22777777777777777 0.20833333333333334