1 0.20277777777777778 0.4236111111111111 0.22777777777777777 0.20277777777777778
1 0.3 0.07222222222222222 0.24444444444444444 0.14444444444444443
1 0.018055555555555554 0.26666666666666666 0.03611111111111111 0.28888888888888886
1 0.3611111111111111 0.05 0.20555555555555555 0.1
1 0.5388888888888889 0.030555555555555555 0.18888888888888888 0.06111111111111111
1 0.9166666666666666 0.6208333333333333 0.16666666666666666 0.2361111111111111
1 0.18888888888888888 0.49444444444444446 0.21666666666666667 0.2111111111111111
1 0.11805555555555555 0.9513888888888888 0.20833333333333334 0.09722222222222222
1 0.38333333333333336 0.8236111111111111 0.23333333333333334 0.2638888888888889
1 0.34305555555555556 0.24305555555555555 0.23055555555555557 0.21944444444444444
2 0.5013888888888889 0.4777777777777778 0.4083333333333333 0.4166666666666667