1 0.275 0.9819444444444444 0.2722222222222222 0.03611111111111111
1 0.5902777777777778 0.16944444444444445 0.3527777777777778 0.31666666666666665
1 0.06944444444444445 0.015277777777777777 0.1388888888888889 0.030555555555555555
1 0.23472222222222222 0.09583333333333334 0.21388888888888888 0.19166666666666668
1 0.6625 0.022222222222222223 0.21944444444444444 0.044444444444444446
1 0.9652777777777778 0.5472222222222223 0.06944444444444445 0.21666666666666667
1 0.04722222222222222 0.5027777777777778 0.08888888888888889 0.23333333333333334
1 0.8402777777777778 0.9194444444444444 0.2361111111111111 0.16111111111111112
2 0.49027777777777776 0.5055555555555555 0.425 0.4388888888888889
1 0.8763888888888889 0.2986111111111111 0.2361111111111111 0.23055555555555557
1 0.13333333333333333 0.12777777777777777 0.2222222222222222 0.2388888888888889
1 0.7694444444444445 0.5375 0.17777777777777778 0.2972222222222222
1 0.5777777777777777 0.16111111111111112 0.20555555555555555 0.20555555555555555
1 0.19444444444444445 0.44305555555555554 0.2388888888888889 0.225
1 0.4861111111111111 0.8722222222222222 0.2111111111111111 0.22777777777777777
1 0.9208333333333333 0.09861111111111111 0.15833333333333333 0.19166666666666668
1 0.6583333333333333 0.7875 0.2222222222222222 0.21944444444444444
1 0.9027777777777778 0.6861111111111111 0.19444444444444445 0.20555555555555555