1 0.8763888888888889 0.2222222222222222 0.2361111111111111 0.43333333333333335
1 0.03194444444444444 0.5430555555555555 0.06388888888888888 0.175
1 0.6208333333333333 0.015277777777777777 0.23055555555555557 0.030555555555555555
1 0.044444444444444446 0.05555555555555555 0.08333333333333333 0.10555555555555556
1 0.019444444444444445 0.8458333333333333 0.03888888888888889 0.2638888888888889
1 0.30833333333333335 0.9458333333333333 0.26666666666666666 0.10277777777777777
1 0.6416666666666667 0.9569444444444445 0.19444444444444445 0.08611111111111111
1 0.059722222222222225 0.34305555555555556 0.11944444444444445 0.25277777777777777
1 0.8569444444444444 0.9305555555555556 0.26944444444444443 0.13333333333333333
1 0.22083333333333333 0.03888888888888889 0.21944444444444444 0.07777777777777778
1 0.20972222222222223 0.15555555555555556 0.26944444444444443 0.2111111111111111
1 0.3236111111111111 0.325 0.2638888888888889 0.18333333333333332
1 0.85 0.3333333333333333 0.23333333333333334 0.2222222222222222
1 0.08611111111111111 0.5361111111111111 0.17222222222222222 0.25
1 0.9361111111111111 0.5277777777777778 0.12777777777777777 0.2111111111111111
1 0.9111111111111111 0.09305555555555556 0.17777777777777778 0.18611111111111112
2 0.5041666666666667 0.5375 0.39166666666666666 0.38055555555555554
1 0.6694444444444444 0.2611111111111111 0.2222222222222222 0.24444444444444444