1 0.8805555555555555 0.16111111111111112 0.2388888888888889 0.32222222222222224
1 0.5472222222222223 0.013888888888888888 0.20555555555555555 0.027777777777777776
1 0.18055555555555555 0.16527777777777777 0.3611111111111111 0.30277777777777776
1 0.05 0.03333333333333333 0.09444444444444444 0.06111111111111111
1 0.020833333333333332 0.8597222222222223 0.041666666666666664 0.23055555555555557
1 0.9319444444444445 0.02361111111111111 0.1361111111111111 0.04722222222222222
1 0.19305555555555556 0.32083333333333336 0.21944444444444444 0.24166666666666667
1 0.29444444444444445 0.9555555555555556 0.2833333333333333 0.08888888888888889
1 0.44305555555555554 0.7611111111111111 0.23055555555555557 0.22777777777777777
1 0.06388888888888888 0.18472222222222223 0.12222222222222222 0.19166666666666668
1 0.24722222222222223 0.4125 0.18888888888888888 0.20277777777777778
1 0.9222222222222223 0.18194444444444444 0.15555555555555556 0.21944444444444444
1 0.17222222222222222 0.06944444444444445 0.17777777777777778 0.13333333333333333
1 0.7541666666666667 0.8027777777777778 0.21388888888888888 0.2111111111111111
1 0.7444444444444445 0.059722222222222225 0.23333333333333334 0.11944444444444445
1 0.9416666666666667 0.7777777777777778 0.11666666666666667 0.25
1 0.20972222222222223 0.5444444444444444 0.23055555555555557 0.18888888888888888
2 0.5152777777777777 0.5111111111111111 0.41944444444444445 0.4166666666666667
1 0.20694444444444443 0.7708333333333334 0.24722222222222223 0.23055555555555557
1 0.8555555555555555 0.4041666666666667 0.2388888888888889 0.20833333333333334
1 0.5097222222222222 0.9125 0.20833333333333334 0.16944444444444445