1 0.12638888888888888 0.7819444444444444 0.25277777777777777 0.4361111111111111
1 0.3861111111111111 0.059722222222222225 0.35555555555555557 0.11944444444444445
0 0.6736111111111112 0.675 0.06388888888888888 0.06666666666666667
1 0.725 0.9819444444444444 0.22777777777777777 0.03611111111111111
1 0.37083333333333335 0.030555555555555555 0.20277777777777778 0.06111111111111111
1 0.4027777777777778 0.9638888888888889 0.18888888888888888 0.07222222222222222
1 0.5472222222222223 0.9013888888888889 0.2111111111111111 0.19722222222222222
1 0.9 0.8944444444444445 0.2 0.2111111111111111
1 0.9527777777777777 0.1625 0.09444444444444444 0.20277777777777778
1 0.06805555555555555 0.5152777777777777 0.13055555555555556 0.1638888888888889
2 0.4986111111111111 0.5236111111111111 0.41944444444444445 0.41944444444444445
1 0.21388888888888888 0.4513888888888889 0.17777777777777778 0.24166666666666667
1 0.5416666666666666 0.2125 0.22777777777777777 0.20277777777777778
1 0.05694444444444444 0.33055555555555555 0.10833333333333334 0.2111111111111111
1 0.13472222222222222 0.9319444444444445 0.20833333333333334 0.13055555555555556
1 0.8416666666666667 0.5027777777777778 0.2222222222222222 0.20555555555555555
1 0.7138888888888889 0.7930555555555555 0.2111111111111111 0.20833333333333334
1 0.10694444444444444 0.725 0.20277777777777778 0.18333333333333332
1 0.33055555555555555 0.2625 0.24444444444444444 0.20277777777777778
1 0.15833333333333333 0.12916666666666668 0.22777777777777777 0.225
1 0.7208333333333333 0.10694444444444444 0.21388888888888888 0.20277777777777778
1 0.37777777777777777 0.8027777777777778 0.18333333333333332 0.2222222222222222
1 0.8527777777777777 0.6861111111111111 0.18888888888888888 0.2