1 0.8319444444444445 0.1736111111111111 0.3138888888888889 0.3472222222222222
1 0.9777777777777777 0.8722222222222222 0.044444444444444446 0.2388888888888889
1 0.8263888888888888 0.44305555555555554 0.18611111111111112 0.25277777777777777
1 0.9541666666666667 0.058333333333333334 0.09166666666666666 0.11666666666666667
1 0.8680555555555556 0.9819444444444444 0.225 0.030555555555555555
1 0.4625 0.02638888888888889 0.18055555555555555 0.05277777777777778
1 0.06944444444444445 0.975 0.1388888888888889 0.05
1 0.26666666666666666 0.05138888888888889 0.2388888888888889 0.10277777777777777
1 0.07777777777777778 0.4861111111111111 0.15555555555555556 0.2722222222222222
1 0.05 0.8861111111111111 0.1 0.2111111111111111
1 0.9444444444444444 0.3472222222222222 0.10555555555555556 0.20555555555555555
1 0.6791666666666667 0.044444444444444446 0.19722222222222222 0.08888888888888889
1 0.9486111111111111 0.5375 0.10277777777777777 0.21944444444444444
1 0.8375 0.1 0.24166666666666667 0.2
1 0.18472222222222223 0.2791666666666667 0.2638888888888889 0.21388888888888888
1 0.18472222222222223 0.1111111111111111 0.19166666666666668 0.17777777777777778
1 0.8763888888888889 0.8069444444444445 0.21944444444444444 0.2861111111111111
1 0.5222222222222223 0.19444444444444445 0.26666666666666666 0.20555555555555555
2 0.5305555555555556 0.5083333333333333 0.4388888888888889 0.43333333333333335
1 0.22777777777777777 0.6152777777777778 0.21666666666666667 0.21388888888888888
1 0.37083333333333335 0.7597222222222222 0.2361111111111111 0.21944444444444444
1 0.2111111111111111 0.8902777777777777 0.2111111111111111 0.21944444444444444