1 0.4222222222222222 0.7916666666666666 0.18888888888888888 0.17222222222222222
1 0.020833333333333332 0.4166666666666667 0.041666666666666664 0.2111111111111111
1 0.027777777777777776 0.7833333333333333 0.05555555555555555 0.19444444444444445
1 0.28055555555555556 0.09305555555555556 0.25555555555555554 0.18611111111111112
1 0.9708333333333333 0.7638888888888888 0.058333333333333334 0.2111111111111111
1 0.05694444444444444 0.7111111111111111 0.10833333333333334 0.2222222222222222
1 0.9055555555555556 0.5930555555555556 0.18888888888888888 0.2638888888888889
1 0.4388888888888889 0.12777777777777777 0.2388888888888889 0.20555555555555555
1 0.22361111111111112 0.8763888888888889 0.2361111111111111 0.225
1 0.09583333333333334 0.9291666666666667 0.18611111111111112 0.14166666666666666
1 0.3486111111111111 0.6527777777777778 0.225 0.2
1 0.4638888888888889 0.9 0.20555555555555555 0.2
1 0.059722222222222225 0.5208333333333334 0.11388888888888889 0.18055555555555555
1 0.3277777777777778 0.9430555555555555 0.19444444444444445 0.11388888888888889
2 0.6125 0.5 0.49166666666666664 0.49444444444444446
2 0.9208333333333333 0.2361111111111111 0.15833333333333333 0.3888888888888889
1 0.2152777777777778 0.14166666666666666 0.225 0.17777777777777778
1 0.1388888888888889 0.3736111111111111 0.22777777777777777 0.21388888888888888
1 0.8138888888888889 0.7597222222222222 0.20555555555555555 0.19722222222222222