1 0.05124653739612189 0.5597222222222222 0.10249307479224377 0.41388888888888886
1 0.47506925207756234 0.025 0.22437673130193905 0.05
1 0.9722991689750693 0.4847222222222222 0.055401662049861494 0.20833333333333334
0 0.8421052631578947 0.7069444444444445 0.08310249307479224 0.075
1 0.1260387811634349 0.8208333333333333 0.2520775623268698 0.19722222222222222
1 0.9390581717451524 0.44166666666666665 0.12188365650969529 0.25
1 0.5207756232686981 0.12361111111111112 0.28254847645429365 0.18611111111111112
1 0.7825484764542936 0.5638888888888889 0.2188365650969529 0.2222222222222222
2 0.5083102493074793 0.5027777777777778 0.3684210526315789 0.37222222222222223
1 0.8047091412742382 0.1111111111111111 0.2520775623268698 0.17777777777777778
1 0.21191135734072022 0.2777777777777778 0.27977839335180055 0.25
1 0.649584487534626 0.275 0.20221606648199447 0.18888888888888888