1 0.2125 0.10416666666666667 0.375 0.20833333333333334
1 0.9791666666666666 0.059722222222222225 0.041666666666666664 0.11944444444444445
1 0.8472222222222222 0.7847222222222222 0.18333333333333332 0.175
1 0.6555555555555556 0.9833333333333333 0.17777777777777778 0.03333333333333333
1 0.9236111111111112 0.6083333333333333 0.1527777777777778 0.2111111111111111
1 0.21666666666666667 0.9791666666666666 0.23333333333333334 0.03611111111111111
1 0.9597222222222223 0.8111111111111111 0.08055555555555556 0.22777777777777777
1 0.8958333333333334 0.9777777777777777 0.19722222222222222 0.044444444444444446
1 0.5666666666666667 0.9333333333333333 0.18333333333333332 0.13333333333333333
1 0.027777777777777776 0.8319444444444445 0.05555555555555555 0.21944444444444444
1 0.15555555555555556 0.8041666666666667 0.22777777777777777 0.20277777777777778
1 0.7611111111111111 0.9 0.2388888888888889 0.2
1 0.7347222222222223 0.0875 0.21944444444444444 0.175
1 0.675 0.034722222222222224 0.19444444444444445 0.06944444444444445
1 0.3472222222222222 0.7638888888888888 0.22777777777777777 0.20555555555555555
1 0.06527777777777778 0.9541666666666667 0.13055555555555556 0.08611111111111111
1 0.7416666666666667 0.275 0.20555555555555555 0.21666666666666667
1 0.06805555555555555 0.2263888888888889 0.1361111111111111 0.21944444444444444
2 0.5152777777777777 0.5111111111111111 0.475 0.4722222222222222
1 0.2125 0.06944444444444445 0.24166666666666667 0.1388888888888889
1 0.6680555555555555 0.7569444444444444 0.19722222222222222 0.18611111111111112
1 0.21805555555555556 0.6180555555555556 0.21388888888888888 0.25833333333333336
1 0.9041666666666667 0.3638888888888889 0.18611111111111112 0.2
1 0.2902777777777778 0.26805555555555555 0.20277777777777778 0.18611111111111112
1 0.7861111111111111 0.5958333333333333 0.16666666666666666 0.24166666666666667