2 0.7652777777777777 0.3236111111111111 0.46944444444444444 0.6472222222222223
1 0.8805555555555555 0.825 0.2388888888888889 0.3388888888888889
1 0.5291666666666667 0.8194444444444444 0.4305555555555556 0.3611111111111111
1 0.2611111111111111 0.02361111111111111 0.16666666666666666 0.04722222222222222
1 0.9472222222222222 0.6777777777777778 0.10555555555555556 0.29444444444444445
1 0.3125 0.9763888888888889 0.23055555555555557 0.04722222222222222
0 0.9875 0.4083333333333333 0.025 0.07222222222222222
1 0.8125 0.39166666666666666 0.20833333333333334 0.2111111111111111
1 0.4222222222222222 0.029166666666666667 0.2111111111111111 0.058333333333333334
1 0.9208333333333333 0.0375 0.15833333333333333 0.075
1 0.5027777777777778 0.9055555555555556 0.2722222222222222 0.18888888888888888
1 0.8666666666666667 0.19583333333333333 0.2388888888888889 0.19722222222222222
1 0.1111111111111111 0.6555555555555556 0.2222222222222222 0.23333333333333334
2 0.5069444444444444 0.5875 0.475 0.48055555555555557
1 0.07361111111111111 0.25972222222222224 0.14166666666666666 0.21388888888888888
1 0.18611111111111112 0.08472222222222223 0.20555555555555555 0.16944444444444445
1 0.1638888888888889 0.46944444444444444 0.20555555555555555 0.20555555555555555
1 0.6888888888888889 0.24305555555555555 0.2 0.20833333333333334
1 0.7916666666666666 0.9402777777777778 0.18888888888888888 0.11944444444444445
1 0.8111111111111111 0.6569444444444444 0.2111111111111111 0.20277777777777778