1 0.008333333333333333 0.2833333333333333 0.016666666666666666 0.17222222222222222
1 0.9652777777777778 0.0763888888888889 0.06944444444444445 0.1527777777777778
1 0.5694444444444444 0.8208333333333333 0.18888888888888888 0.19166666666666668
1 0.19305555555555556 0.9527777777777777 0.2361111111111111 0.08888888888888889
1 0.39444444444444443 0.030555555555555555 0.2611111111111111 0.05555555555555555
1 0.02638888888888889 0.7388888888888889 0.05277777777777778 0.22777777777777777
1 0.13055555555555556 0.3625 0.22777777777777777 0.21388888888888888
1 0.06527777777777778 0.9222222222222223 0.125 0.15
0 0.25833333333333336 0.5138888888888888 0.08333333333333333 0.08888888888888889
1 0.9291666666666667 0.9416666666666667 0.14166666666666666 0.11666666666666667
1 0.9458333333333333 0.17222222222222222 0.10833333333333334 0.18888888888888888
1 0.8791666666666667 0.5888888888888889 0.225 0.2388888888888889
1 0.05 0.1111111111111111 0.09444444444444444 0.2222222222222222
1 0.9527777777777777 0.7722222222222223 0.09444444444444444 0.18888888888888888
1 0.1763888888888889 0.7902777777777777 0.275 0.19722222222222222
1 0.08055555555555556 0.41944444444444445 0.15555555555555556 0.17222222222222222
1 0.6222222222222222 0.0625 0.2111111111111111 0.125
1 0.46805555555555556 0.2861111111111111 0.24166666666666667 0.2222222222222222
1 0.21944444444444444 0.6361111111111111 0.21666666666666667 0.17777777777777778
1 0.8208333333333333 0.10555555555555556 0.19166666666666668 0.2111111111111111
2 0.5291666666666667 0.5833333333333334 0.4583333333333333 0.43333333333333335
1 0.3625 0.13194444444444445 0.25277777777777777 0.21944444444444444