1 0.013888888888888888 0.6861111111111111 0.027777777777777776 0.23333333333333334
1 0.3541666666666667 0.19305555555555556 0.2361111111111111 0.20833333333333334
1 0.9638888888888889 0.5388888888888889 0.07222222222222222 0.2388888888888889
1 0.9791666666666666 0.9152777777777777 0.041666666666666664 0.16944444444444445
1 0.07083333333333333 0.030555555555555555 0.14166666666666666 0.05555555555555555
1 0.3375 0.28194444444444444 0.2361111111111111 0.23055555555555557
1 0.9694444444444444 0.2916666666666667 0.06111111111111111 0.2611111111111111
1 0.5361111111111111 0.9625 0.25555555555555554 0.075
1 0.7305555555555555 0.04027777777777778 0.2611111111111111 0.08055555555555556
1 0.3541666666666667 0.04722222222222222 0.24166666666666667 0.09444444444444444
1 0.03888888888888889 0.15138888888888888 0.07222222222222222 0.24166666666666667
1 0.8666666666666667 0.10277777777777777 0.24444444444444444 0.20555555555555555
2 0.5097222222222222 0.49583333333333335 0.46944444444444444 0.5138888888888888
1 0.8805555555555555 0.8083333333333333 0.2388888888888889 0.2611111111111111
1 0.32083333333333336 0.7958333333333333 0.25833333333333336 0.25277777777777777
1 0.6611111111111111 0.18472222222222223 0.21666666666666667 0.21388888888888888
1 0.17083333333333334 0.10972222222222222 0.24166666666666667 0.21388888888888888
1 0.8611111111111112 0.5930555555555556 0.2611111111111111 0.2361111111111111
1 0.10416666666666667 0.8069444444444445 0.20833333333333334 0.25833333333333336
1 0.5861111111111111 0.8291666666666667 0.2722222222222222 0.23055555555555557
1 0.1486111111111111 0.5375 0.25833333333333336 0.2638888888888889
1 0.11666666666666667 0.3125 0.23333333333333334 0.21944444444444444