1 0.9416666666666667 0.9390581717451524 0.11666666666666667 0.11634349030470914
1 0.044444444444444446 0.5734072022160664 0.08888888888888889 0.21052631578947367
1 0.2916666666666667 0.945983379501385 0.2388888888888889 0.10803324099722991
1 0.20694444444444443 0.5512465373961218 0.20277777777777778 0.16066481994459833
1 0.2625 0.3365650969529086 0.19722222222222222 0.2299168975069252
2 0.5236111111111111 0.5152354570637119 0.39166666666666666 0.38227146814404434
1 0.6125 0.21052631578947367 0.23055555555555557 0.2548476454293629
1 0.43194444444444446 0.8365650969529086 0.25277777777777777 0.18282548476454294
1 0.21805555555555556 0.7479224376731302 0.19722222222222222 0.1883656509695291
1 0.3819444444444444 0.19529085872576177 0.225 0.23545706371191136
1 0.09166666666666666 0.39473684210526316 0.17777777777777778 0.2188365650969529