1 0.6888888888888889 0.6430555555555556 0.2611111111111111 0.2361111111111111
1 0.05694444444444444 0.6236111111111111 0.11388888888888889 0.23055555555555557
1 0.9833333333333333 0.6166666666666667 0.03333333333333333 0.24444444444444444
1 0.42777777777777776 0.9666666666666667 0.24444444444444444 0.06666666666666667
1 0.03194444444444444 0.06666666666666667 0.06388888888888888 0.12777777777777777
1 0.9111111111111111 0.9694444444444444 0.17777777777777778 0.06111111111111111
1 0.8777777777777778 0.04583333333333333 0.24444444444444444 0.09166666666666666
1 0.7638888888888888 0.8402777777777778 0.23333333333333334 0.30277777777777776
1 0.08888888888888889 0.5527777777777778 0.17222222222222222 0.18333333333333332
2 0.49444444444444446 0.46944444444444444 0.4388888888888889 0.45
1 0.4736111111111111 0.1527777777777778 0.24166666666666667 0.2111111111111111
1 0.12222222222222222 0.1638888888888889 0.2388888888888889 0.21666666666666667
1 0.9236111111111112 0.8 0.1527777777777778 0.2222222222222222
1 0.6888888888888889 0.09166666666666666 0.25 0.17777777777777778
1 0.19722222222222222 0.3736111111111111 0.19444444444444445 0.21944444444444444