1 0.16111111111111112 0.49166666666666664 0.32222222222222224 0.45555555555555555
1 0.018055555555555554 0.18888888888888888 0.03611111111111111 0.26666666666666666
1 0.5722222222222222 0.9791666666666666 0.25 0.03611111111111111
1 0.9791666666666666 0.3861111111111111 0.041666666666666664 0.18333333333333332
1 0.30416666666666664 0.9666666666666667 0.225 0.06666666666666667
0 0.7194444444444444 0.17083333333333334 0.09444444444444444 0.09166666666666666
1 0.7333333333333333 0.3055555555555556 0.2111111111111111 0.2222222222222222
1 0.9555555555555556 0.8763888888888889 0.08888888888888889 0.19166666666666668
1 0.1111111111111111 0.4 0.21666666666666667 0.22777777777777777
1 0.2708333333333333 0.7444444444444445 0.23055555555555557 0.21666666666666667
2 0.5013888888888889 0.4666666666666667 0.39166666666666666 0.4111111111111111
1 0.6527777777777778 0.7194444444444444 0.2611111111111111 0.2111111111111111
1 0.9027777777777778 0.175 0.19444444444444445 0.2388888888888889
1 0.2625 0.2777777777777778 0.21944444444444444 0.25555555555555554
1 0.8388888888888889 0.5069444444444444 0.25555555555555554 0.20277777777777778
1 0.10416666666666667 0.9055555555555556 0.20833333333333334 0.18888888888888888
1 0.4513888888888889 0.8694444444444445 0.20277777777777778 0.2222222222222222
1 0.09444444444444444 0.6361111111111111 0.18888888888888888 0.2111111111111111