1 0.9708333333333333 0.9069444444444444 0.058333333333333334 0.18611111111111112
1 0.07083333333333333 0.043055555555555555 0.14166666666666666 0.08055555555555556
1 0.7916666666666666 0.05416666666666667 0.2722222222222222 0.10833333333333334
1 0.06388888888888888 0.9527777777777777 0.12777777777777777 0.08888888888888889
1 0.07083333333333333 0.7541666666666667 0.1361111111111111 0.21388888888888888
1 0.5555555555555556 0.9319444444444445 0.25555555555555554 0.13055555555555556
1 0.9013888888888889 0.7222222222222222 0.19722222222222222 0.2388888888888889
1 0.6291666666666667 0.7472222222222222 0.21388888888888888 0.25
1 0.6680555555555555 0.2222222222222222 0.24166666666666667 0.2222222222222222
2 0.49722222222222223 0.48333333333333334 0.3888888888888889 0.37777777777777777
1 0.20694444444444443 0.5277777777777778 0.21944444444444444 0.2222222222222222
1 0.4888888888888889 0.11388888888888889 0.26666666666666666 0.2222222222222222
1 0.28888888888888886 0.9097222222222222 0.2388888888888889 0.18055555555555555
1 0.775 0.9138888888888889 0.19444444444444445 0.17222222222222222