2 0.7638888888888888 0.38055555555555554 0.4722222222222222 0.7277777777777777
2 0.8847222222222222 0.05416666666666667 0.23055555555555557 0.10833333333333334
2 0.075 0.5638888888888889 0.15 0.4888888888888889
1 0.12777777777777777 0.044444444444444446 0.25555555555555554 0.08888888888888889
1 0.6402777777777777 0.7944444444444444 0.24166666666666667 0.2222222222222222
2 0.9208333333333333 0.03333333333333333 0.15833333333333333 0.06111111111111111
2 0.1361111111111111 0.04583333333333333 0.2722222222222222 0.09166666666666666
1 0.7972222222222223 0.275 0.2722222222222222 0.28888888888888886
1 0.7347222222222223 0.8 0.2361111111111111 0.2388888888888889
1 0.058333333333333334 0.49027777777777776 0.11666666666666667 0.3138888888888889
1 0.4444444444444444 0.20555555555555555 0.2222222222222222 0.2111111111111111
1 0.6736111111111112 0.22916666666666666 0.225 0.20833333333333334
1 0.3527777777777778 0.9694444444444444 0.17777777777777778 0.06111111111111111
1 0.18888888888888888 0.9680555555555556 0.18333333333333332 0.06388888888888888
1 0.36666666666666664 0.175 0.2222222222222222 0.29444444444444445
1 0.25416666666666665 0.6375 0.24722222222222223 0.2361111111111111
1 0.07777777777777778 0.875 0.15555555555555556 0.25
1 0.7583333333333333 0.05555555555555555 0.25 0.1111111111111111
2 0.5208333333333334 0.5097222222222222 0.44166666666666665 0.4305555555555556
1 0.6027777777777777 0.9444444444444444 0.23333333333333334 0.1111111111111111
1 0.12083333333333333 0.20833333333333334 0.24166666666666667 0.23333333333333334
1 0.43472222222222223 0.8027777777777778 0.18055555555555555 0.21666666666666667
1 0.24027777777777778 0.8486111111111111 0.21388888888888888 0.18055555555555555
1 0.9013888888888889 0.7666666666666667 0.19722222222222222 0.23333333333333334