1 0.06666666666666667 0.975 0.13333333333333333 0.05
1 0.9375 0.2777777777777778 0.125 0.15
1 0.1375 0.7222222222222222 0.225 0.17222222222222222
1 0.32222222222222224 0.9388888888888889 0.22777777777777777 0.11666666666666667
1 0.4708333333333333 0.20277777777777778 0.3638888888888889 0.18888888888888888
1 0.34444444444444444 0.059722222222222225 0.20555555555555555 0.11944444444444445
1 0.20555555555555555 0.5 0.2 0.25
1 0.9416666666666667 0.4597222222222222 0.1111111111111111 0.225
2 0.4875 0.5458333333333333 0.4583333333333333 0.4861111111111111
1 0.06666666666666667 0.5069444444444444 0.13333333333333333 0.2861111111111111
1 0.8972222222222223 0.10555555555555556 0.2 0.20555555555555555
1 0.8847222222222222 0.8652777777777778 0.20833333333333334 0.2638888888888889
1 0.16944444444444445 0.2916666666666667 0.17777777777777778 0.2388888888888889