1 0.09166666666666666 0.14444444444444443 0.18333333333333332 0.28888888888888886
1 0.8708333333333333 0.06805555555555555 0.25277777777777777 0.1361111111111111
1 0.8430555555555556 0.019444444444444445 0.15833333333333333 0.03888888888888889
1 0.44305555555555554 0.030555555555555555 0.1361111111111111 0.06111111111111111
1 0.3055555555555556 0.8791666666666667 0.21666666666666667 0.175
2 0.07777777777777778 0.3527777777777778 0.15555555555555556 0.26666666666666666
1 0.9861111111111112 0.8055555555555556 0.027777777777777776 0.18888888888888888
1 0.18888888888888888 0.6222222222222222 0.2111111111111111 0.16111111111111112
1 0.018055555555555554 0.5402777777777777 0.03611111111111111 0.19166666666666668
1 0.07361111111111111 0.9319444444444445 0.14722222222222223 0.1361111111111111
1 0.3625 0.7458333333333333 0.25277777777777777 0.20277777777777778
1 0.09305555555555556 0.7736111111111111 0.18611111111111112 0.19722222222222222
1 0.23194444444444445 0.9569444444444445 0.21388888888888888 0.08611111111111111
1 0.7166666666666667 0.7402777777777778 0.2 0.20277777777777778
1 0.075 0.3472222222222222 0.15 0.25555555555555554
1 0.08055555555555556 0.5791666666666667 0.16111111111111112 0.21944444444444444
1 0.8875 0.1486111111111111 0.21388888888888888 0.24722222222222223
1 0.45555555555555555 0.9388888888888889 0.2388888888888889 0.11666666666666667
1 0.6625 0.9138888888888889 0.19722222222222222 0.17222222222222222
1 0.9041666666666667 0.6930555555555555 0.18611111111111112 0.21388888888888888
1 0.29444444444444445 0.05416666666666667 0.22777777777777777 0.10833333333333334
1 0.16944444444444445 0.43333333333333335 0.2222222222222222 0.25
1 0.27361111111111114 0.2125 0.19166666666666668 0.21944444444444444
2 0.4986111111111111 0.5416666666666666 0.44166666666666665 0.45
1 0.6791666666666667 0.06666666666666667 0.21388888888888888 0.13333333333333333
1 0.7486111111111111 0.23472222222222222 0.20277777777777778 0.20833333333333334
1 0.08611111111111111 0.05277777777777778 0.17222222222222222 0.10555555555555556