1 0.21388888888888888 0.16944444444444445 0.42777777777777776 0.3388888888888889
1 0.2569444444444444 0.38333333333333336 0.2361111111111111 0.2833333333333333
1 0.7902777777777777 0.016666666666666666 0.20833333333333334 0.03333333333333333
1 0.9694444444444444 0.15694444444444444 0.06111111111111111 0.20833333333333334
1 0.9541666666666667 0.8027777777777778 0.09166666666666666 0.18888888888888888
1 0.225 0.5236111111111111 0.2111111111111111 0.275
1 0.24444444444444444 0.8791666666666667 0.2388888888888889 0.24166666666666667
1 0.42083333333333334 0.7972222222222223 0.24166666666666667 0.18888888888888888
1 0.4791666666666667 0.9361111111111111 0.225 0.12777777777777777
1 0.16527777777777777 0.12777777777777777 0.24166666666666667 0.2388888888888889
1 0.5527777777777778 0.06944444444444445 0.25 0.1388888888888889
1 0.8263888888888888 0.15416666666666667 0.23055555555555557 0.225
1 0.0625 0.8319444444444445 0.125 0.21944444444444444
1 0.8583333333333333 0.6375 0.18888888888888888 0.23055555555555557
1 0.6944444444444444 0.7569444444444444 0.2 0.20833333333333334
2 0.5083333333333333 0.5263888888888889 0.3888888888888889 0.4027777777777778
1 0.06805555555555555 0.3138888888888889 0.1361111111111111 0.20555555555555555