1 0.2222222222222222 0.24166666666666667 0.43333333333333335 0.45555555555555555
1 0.9833333333333333 0.8972222222222223 0.03333333333333333 0.20555555555555555
1 0.07222222222222222 0.13055555555555556 0.14444444444444443 0.24444444444444444
1 0.7166666666666667 0.9777777777777777 0.23333333333333334 0.044444444444444446
1 0.9375 0.7402777777777778 0.11944444444444445 0.21388888888888888
1 0.15555555555555556 0.9833333333333333 0.22777777777777777 0.03333333333333333
1 0.03194444444444444 0.3875 0.06388888888888888 0.2361111111111111
1 0.8791666666666667 0.034722222222222224 0.18055555555555555 0.06944444444444445
1 0.35694444444444445 0.9666666666666667 0.23055555555555557 0.06666666666666667
1 0.8375 0.8736111111111111 0.16944444444444445 0.21944444444444444
1 0.9527777777777777 0.1527777777777778 0.09444444444444444 0.19444444444444445
1 0.6291666666666667 0.21805555555555556 0.23055555555555557 0.225
2 0.48333333333333334 0.49166666666666664 0.43333333333333335 0.4444444444444444
1 0.5291666666666667 0.9236111111111112 0.1527777777777778 0.1527777777777778
1 0.19722222222222222 0.8694444444444445 0.22777777777777777 0.2111111111111111
1 0.825 0.45694444444444443 0.2222222222222222 0.20277777777777778
1 0.09583333333333334 0.7152777777777778 0.19166666666666668 0.2361111111111111
1 0.6875 0.8722222222222222 0.19166666666666668 0.20555555555555555
1 0.20833333333333334 0.26666666666666666 0.2 0.19444444444444445
1 0.22083333333333333 0.08888888888888889 0.2361111111111111 0.17777777777777778
1 0.41805555555555557 0.17916666666666667 0.19722222222222222 0.20277777777777778