1 0.8666666666666667 0.2777777777777778 0.25555555555555554 0.39444444444444443
1 0.08888888888888889 0.029166666666666667 0.17777777777777778 0.05277777777777778
1 0.27361111111111114 0.029166666666666667 0.19166666666666668 0.058333333333333334
1 0.6805555555555556 0.9041666666666667 0.21666666666666667 0.18611111111111112
1 0.9805555555555555 0.44583333333333336 0.03888888888888889 0.25277777777777777
1 0.9319444444444445 0.9694444444444444 0.1361111111111111 0.06111111111111111
1 0.7833333333333333 0.9791666666666666 0.21666666666666667 0.041666666666666664
1 0.022222222222222223 0.16666666666666666 0.03888888888888889 0.2222222222222222
1 0.034722222222222224 0.3861111111111111 0.06388888888888888 0.20555555555555555
1 0.9666666666666667 0.11944444444444445 0.06666666666666667 0.18888888888888888
1 0.19166666666666668 0.05277777777777778 0.19444444444444445 0.10555555555555556
1 0.0763888888888889 0.3138888888888889 0.1527777777777778 0.18333333333333332
1 0.8694444444444445 0.20277777777777778 0.21666666666666667 0.17777777777777778
1 0.18611111111111112 0.5152777777777777 0.20555555555555555 0.21944444444444444
2 0.5375 0.5486111111111112 0.46944444444444444 0.49722222222222223
1 0.06527777777777778 0.6763888888888889 0.125 0.20833333333333334
1 0.5763888888888888 0.20277777777777778 0.225 0.17777777777777778
1 0.23472222222222222 0.2125 0.225 0.21388888888888888
1 0.26805555555555555 0.7888888888888889 0.21388888888888888 0.22777777777777777
1 0.4236111111111111 0.8902777777777777 0.19166666666666668 0.19166666666666668
1 0.8680555555555556 0.3861111111111111 0.20833333333333334 0.20555555555555555