1 0.2152777777777778 0.7763888888888889 0.4305555555555556 0.44722222222222224
1 0.7861111111111111 0.17916666666666667 0.4111111111111111 0.35833333333333334
1 0.3138888888888889 0.2847222222222222 0.2222222222222222 0.20277777777777778
1 0.9208333333333333 0.9569444444444445 0.15833333333333333 0.08055555555555556
1 0.9694444444444444 0.5958333333333333 0.06111111111111111 0.23055555555555557
1 0.17777777777777778 0.5861111111111111 0.17222222222222222 0.26666666666666666
1 0.1125 0.9555555555555556 0.20833333333333334 0.08888888888888889
1 0.12222222222222222 0.3861111111111111 0.2222222222222222 0.18888888888888888
2 0.5180555555555556 0.5097222222222222 0.5305555555555556 0.5472222222222223
1 0.2916666666666667 0.13333333333333333 0.2222222222222222 0.18333333333333332
1 0.45 0.9375 0.21666666666666667 0.125
1 0.7263888888888889 0.225 0.225 0.2222222222222222
1 0.6069444444444444 0.8972222222222223 0.20277777777777778 0.20555555555555555
1 0.12638888888888888 0.0763888888888889 0.21388888888888888 0.1527777777777778
1 0.7944444444444444 0.8958333333333334 0.21666666666666667 0.20833333333333334
1 0.8444444444444444 0.0875 0.2388888888888889 0.175
1 0.2 0.8222222222222222 0.2111111111111111 0.18333333333333332
1 0.07777777777777778 0.23055555555555557 0.15 0.18888888888888888
1 0.08611111111111111 0.6166666666666667 0.17222222222222222 0.18888888888888888