1 0.011111111111111112 0.07916666666666666 0.022222222222222223 0.15833333333333333
1 0.47638888888888886 0.7763888888888889 0.33055555555555555 0.36944444444444446
1 0.4791666666666667 0.013888888888888888 0.18611111111111112 0.027777777777777776
1 0.018055555555555554 0.5638888888888889 0.03611111111111111 0.2222222222222222
1 0.31666666666666665 0.04861111111111111 0.22777777777777777 0.09722222222222222
1 0.6583333333333333 0.9611111111111111 0.2222222222222222 0.07777777777777778
1 0.4583333333333333 0.9472222222222222 0.19444444444444445 0.10555555555555556
1 0.4486111111111111 0.8055555555555556 0.20833333333333334 0.2222222222222222
1 0.875 0.8166666666666667 0.18333333333333332 0.2111111111111111
2 0.49027777777777776 0.49027777777777776 0.3972222222222222 0.425
1 0.20833333333333334 0.4875 0.21666666666666667 0.20277777777777778
1 0.46944444444444444 0.1125 0.2111111111111111 0.19166666666666668
1 0.1 0.6888888888888889 0.19444444444444445 0.22777777777777777
1 0.7333333333333333 0.1 0.18333333333333332 0.2
1 0.8972222222222223 0.1625 0.20555555555555555 0.25277777777777777
1 0.6444444444444445 0.8416666666666667 0.18888888888888888 0.17777777777777778
1 0.7638888888888888 0.6652777777777777 0.18888888888888888 0.21944444444444444
1 0.10694444444444444 0.1361111111111111 0.21388888888888888 0.19444444444444445
1 0.19583333333333333 0.3236111111111111 0.225 0.18055555555555555