1 0.3125 0.8236111111111111 0.3472222222222222 0.33611111111111114
1 0.12222222222222222 0.015277777777777777 0.2 0.030555555555555555
1 0.9791666666666666 0.9402777777777778 0.041666666666666664 0.11944444444444445
1 0.9472222222222222 0.034722222222222224 0.10555555555555556 0.06944444444444445
1 0.39444444444444443 0.018055555555555554 0.2111111111111111 0.03611111111111111
1 0.9833333333333333 0.6902777777777778 0.03333333333333333 0.21388888888888888
0 0.5680555555555555 0.9819444444444444 0.09722222222222222 0.03611111111111111
1 0.9763888888888889 0.43333333333333335 0.04722222222222222 0.2611111111111111
1 0.3958333333333333 0.09861111111111111 0.26944444444444443 0.19722222222222222
1 0.9513888888888888 0.15416666666666667 0.09722222222222222 0.19166666666666668
1 0.85 0.44027777777777777 0.17777777777777778 0.20833333333333334
1 0.275 0.8083333333333333 0.2 0.2611111111111111
1 0.14444444444444443 0.11666666666666667 0.2388888888888889 0.2111111111111111
1 0.1597222222222222 0.35 0.21944444444444444 0.22777777777777777
2 0.5111111111111111 0.5208333333333334 0.5944444444444444 0.5694444444444444
1 0.8611111111111112 0.6666666666666666 0.23333333333333334 0.2388888888888889
1 0.09166666666666666 0.5513888888888889 0.18333333333333332 0.24722222222222223