1 0.7472222222222222 0.8597222222222223 0.25555555555555554 0.25833333333333336
1 0.0125 0.44583333333333336 0.025 0.21388888888888888
1 0.9805555555555555 0.34305555555555556 0.03888888888888889 0.2361111111111111
1 0.07777777777777778 0.8666666666666667 0.15555555555555556 0.26666666666666666
1 0.5666666666666667 0.9638888888888889 0.25 0.07222222222222222
1 0.9111111111111111 0.04583333333333333 0.17222222222222222 0.09166666666666666
1 0.9430555555555555 0.6555555555555556 0.10833333333333334 0.24444444444444444
1 0.31666666666666665 0.26805555555555555 0.18888888888888888 0.19166666666666668
2 0.5069444444444444 0.5347222222222222 0.525 0.5361111111111111
1 0.11944444444444445 0.49166666666666664 0.2222222222222222 0.18888888888888888
1 0.7916666666666666 0.9125 0.21666666666666667 0.16944444444444445
1 0.6138888888888889 0.07222222222222222 0.21666666666666667 0.14444444444444443
1 0.10972222222222222 0.19166666666666668 0.21944444444444444 0.22777777777777777