1 0.18194444444444444 0.7819444444444444 0.3527777777777778 0.4305555555555556
1 0.175 0.15416666666666667 0.35 0.30833333333333335
1 0.5875 0.9611111111111111 0.20277777777777778 0.07777777777777778
1 0.10138888888888889 0.2375 0.20277777777777778 0.19722222222222222
1 0.49027777777777776 0.7847222222222222 0.25833333333333336 0.18611111111111112
1 0.6611111111111111 0.022222222222222223 0.2222222222222222 0.044444444444444446
1 0.5111111111111111 0.9708333333333333 0.18333333333333332 0.058333333333333334
1 0.07083333333333333 0.4666666666666667 0.1361111111111111 0.18888888888888888
1 0.8888888888888888 0.9083333333333333 0.21666666666666667 0.18333333333333332
1 0.08194444444444444 0.30277777777777776 0.15833333333333333 0.2222222222222222
1 0.4722222222222222 0.1 0.25 0.19444444444444445
1 0.36527777777777776 0.9277777777777778 0.14166666666666666 0.14444444444444443
1 0.17222222222222222 0.6736111111111112 0.24444444444444444 0.21388888888888888
2 0.5083333333333333 0.5180555555555556 0.4166666666666667 0.44722222222222224
1 0.8805555555555555 0.07222222222222222 0.22777777777777777 0.14444444444444443
1 0.8902777777777777 0.45555555555555555 0.21944444444444444 0.23333333333333334
1 0.7125 0.8875 0.175 0.19722222222222222
1 0.6597222222222222 0.13472222222222222 0.21944444444444444 0.21388888888888888
1 0.2569444444444444 0.3611111111111111 0.23055555555555557 0.2111111111111111
1 0.8236111111111111 0.7305555555555555 0.19722222222222222 0.2