1 0.17222222222222222 0.08333333333333333 0.34444444444444444 0.16666666666666666
1 0.6833333333333333 0.10972222222222222 0.2 0.20277777777777778
1 0.9861111111111112 0.36944444444444446 0.027777777777777776 0.2
1 0.4375 0.9638888888888889 0.2361111111111111 0.07222222222222222
1 0.6194444444444445 0.14027777777777778 0.2111111111111111 0.23055555555555557
1 0.6222222222222222 0.75 0.2 0.21666666666666667
1 0.04861111111111111 0.6138888888888889 0.09166666666666666 0.19444444444444445
1 0.32916666666666666 0.20277777777777778 0.18611111111111112 0.17222222222222222
1 0.03194444444444444 0.8013888888888889 0.06388888888888888 0.20277777777777778
1 0.14583333333333334 0.6819444444444445 0.21944444444444444 0.175
1 0.15416666666666667 0.24583333333333332 0.19722222222222222 0.19722222222222222
1 0.37083333333333335 0.06666666666666667 0.24166666666666667 0.13333333333333333
1 0.42916666666666664 0.7527777777777778 0.19166666666666668 0.17222222222222222
1 0.05416666666666667 0.41805555555555557 0.10277777777777777 0.21388888888888888
1 0.2722222222222222 0.8194444444444444 0.2 0.20555555555555555
1 0.9027777777777778 0.2125 0.18888888888888888 0.24722222222222223
1 0.19027777777777777 0.45 0.20833333333333334 0.2111111111111111
1 0.9291666666666667 0.9069444444444444 0.14166666666666666 0.18611111111111112
1 0.12083333333333333 0.9069444444444444 0.18055555555555555 0.18611111111111112
1 0.5402777777777777 0.8611111111111112 0.21388888888888888 0.2
2 0.4791666666666667 0.4791666666666667 0.44722222222222224 0.4583333333333333
1 0.8277777777777777 0.7625 0.21666666666666667 0.21944444444444444
1 0.07361111111111111 0.10833333333333334 0.14722222222222223 0.16666666666666666
1 0.7888888888888889 0.5611111111111111 0.2222222222222222 0.2222222222222222
1 0.7805555555555556 0.33611111111111114 0.18888888888888888 0.2