1 0.9833333333333333 0.8944444444444445 0.03333333333333333 0.2111111111111111
1 0.059722222222222225 0.1875 0.11944444444444445 0.375
1 0.9138888888888889 0.9777777777777777 0.17222222222222222 0.03888888888888889
1 0.05694444444444444 0.45416666666666666 0.11388888888888889 0.225
1 0.9666666666666667 0.12916666666666668 0.06666666666666667 0.24722222222222223
1 0.8833333333333333 0.5722222222222222 0.2111111111111111 0.23333333333333334
1 0.2708333333333333 0.6930555555555555 0.19722222222222222 0.18055555555555555
2 0.4930555555555556 0.5166666666666667 0.425 0.45
1 0.5305555555555556 0.8458333333333333 0.20555555555555555 0.225
1 0.31666666666666665 0.9083333333333333 0.2111111111111111 0.18333333333333332
1 0.2222222222222222 0.1375 0.2 0.23055555555555557
1 0.7527777777777778 0.43333333333333335 0.2111111111111111 0.2111111111111111
1 0.41388888888888886 0.09027777777777778 0.17222222222222222 0.175
1 0.5805555555555556 0.13055555555555556 0.2 0.20555555555555555
1 0.7458333333333333 0.21944444444444444 0.20833333333333334 0.2111111111111111