1 0.9847222222222223 0.11666666666666667 0.030555555555555555 0.23333333333333334
1 0.25555555555555554 0.125 0.17222222222222222 0.21666666666666667
1 0.030555555555555555 0.07083333333333333 0.06111111111111111 0.14166666666666666
1 0.6722222222222223 0.9583333333333334 0.24444444444444444 0.08333333333333333
0 0.36666666666666664 0.24722222222222223 0.1 0.08888888888888889
1 0.6319444444444444 0.8 0.225 0.2222222222222222
1 0.9194444444444444 0.26805555555555555 0.16111111111111112 0.21944444444444444
1 0.6194444444444445 0.20277777777777778 0.2611111111111111 0.17222222222222222
1 0.16944444444444445 0.15 0.21666666666666667 0.22777777777777777
2 0.49444444444444446 0.4847222222222222 0.4111111111111111 0.4027777777777778
1 0.3347222222222222 0.8138888888888889 0.25277777777777777 0.25
1 0.8041666666666667 0.4791666666666667 0.21944444444444444 0.23055555555555557
1 0.8180555555555555 0.8444444444444444 0.23055555555555557 0.19444444444444445
1 0.7680555555555556 0.2972222222222222 0.18055555555555555 0.17777777777777778