2 0.09583333333333334 0.030555555555555555 0.19166666666666668 0.05555555555555555
1 0.1625 0.10833333333333334 0.2361111111111111 0.17222222222222222
1 0.9722222222222222 0.7236111111111111 0.05555555555555555 0.275
1 0.8305555555555556 0.7819444444444444 0.22777777777777777 0.23055555555555557
1 0.7013888888888888 0.9555555555555556 0.25833333333333336 0.08888888888888889
1 0.30833333333333335 0.03611111111111111 0.23333333333333334 0.07222222222222222
1 0.8055555555555556 0.6638888888888889 0.22777777777777777 0.20555555555555555
1 0.7958333333333333 0.25972222222222224 0.26944444444444443 0.225
1 0.04861111111111111 0.6541666666666667 0.09166666666666666 0.20277777777777778
1 0.058333333333333334 0.9194444444444444 0.11666666666666667 0.16111111111111112
1 0.05 0.43194444444444446 0.09444444444444444 0.21944444444444444
1 0.4027777777777778 0.8666666666666667 0.21666666666666667 0.2611111111111111
2 0.5194444444444445 0.48055555555555557 0.49444444444444446 0.49444444444444446
1 0.21944444444444444 0.3333333333333333 0.18888888888888888 0.2833333333333333
1 0.24027777777777778 0.6708333333333333 0.24166666666666667 0.21388888888888888
1 0.6125 0.7805555555555556 0.20833333333333334 0.20555555555555555
1 0.625 0.1 0.2 0.19444444444444445