1 0.6458333333333334 0.11527777777777778 0.225 0.21944444444444444
1 0.7194444444444444 0.0125 0.15 0.025
1 0.011111111111111112 0.6666666666666666 0.022222222222222223 0.2
1 0.06666666666666667 0.3972222222222222 0.11666666666666667 0.1111111111111111
0 0.06944444444444445 0.4 0.12222222222222222 0.11666666666666667
1 0.08888888888888889 0.9347222222222222 0.17222222222222222 0.125
1 0.08611111111111111 0.9805555555555555 0.17222222222222222 0.03888888888888889
1 0.17222222222222222 0.1388888888888889 0.34444444444444444 0.25555555555555554
1 0.9611111111111111 0.41805555555555557 0.07777777777777778 0.21388888888888888
1 0.1388888888888889 0.05138888888888889 0.23333333333333334 0.10277777777777777
1 0.9222222222222223 0.8 0.15555555555555556 0.19444444444444445
2 0.5180555555555556 0.4583333333333333 0.3972222222222222 0.4888888888888889
1 0.675 0.19583333333333333 0.21666666666666667 0.225
1 0.8986111111111111 0.6958333333333333 0.20277777777777778 0.225
1 0.9055555555555556 0.15555555555555556 0.16666666666666666 0.13333333333333333
1 0.8861111111111111 0.9458333333333333 0.22777777777777777 0.10277777777777777
1 0.42083333333333334 0.15694444444444444 0.20833333333333334 0.20833333333333334
1 0.18194444444444444 0.5916666666666667 0.225 0.20555555555555555
1 0.24861111111111112 0.8847222222222222 0.225 0.21944444444444444
1 0.08333333333333333 0.7625 0.16666666666666666 0.19166666666666668
1 0.27361111111111114 0.30972222222222223 0.20833333333333334 0.20833333333333334
1 0.08888888888888889 0.2361111111111111 0.17777777777777778 0.22777777777777777