2 0.7013888888888888 0.9791666666666666 0.25277777777777777 0.03611111111111111
1 0.25277777777777777 0.03611111111111111 0.19444444444444445 0.07222222222222222
1 0.8402777777777778 0.975 0.14166666666666666 0.05
1 0.7847222222222222 0.3819444444444444 0.125 0.1361111111111111
1 0.7125 0.9791666666666666 0.23055555555555557 0.03611111111111111
1 0.24166666666666667 0.9791666666666666 0.25555555555555554 0.03611111111111111
1 0.5736111111111111 0.03888888888888889 0.2361111111111111 0.07777777777777778
1 0.6625 0.19444444444444445 0.19166666666666668 0.2777777777777778
1 0.044444444444444446 0.3472222222222222 0.08333333333333333 0.2722222222222222
1 0.14444444444444443 0.1 0.25555555555555554 0.18333333333333332
1 0.8541666666666666 0.09027777777777778 0.23055555555555557 0.18055555555555555
1 0.9069444444444444 0.36666666666666664 0.18055555555555555 0.22777777777777777
1 0.23055555555555557 0.6208333333333333 0.2388888888888889 0.20277777777777778
1 0.9152777777777777 0.8152777777777778 0.1638888888888889 0.19722222222222222
1 0.10416666666666667 0.8263888888888888 0.20277777777777778 0.20277777777777778
1 0.4722222222222222 0.8819444444444444 0.2388888888888889 0.2361111111111111
2 0.4930555555555556 0.4777777777777778 0.41388888888888886 0.4166666666666667
1 0.8208333333333333 0.6444444444444445 0.20833333333333334 0.22777777777777777