1 0.32222222222222224 0.9861111111111112 0.14444444444444443 0.027777777777777776
1 0.08611111111111111 0.17916666666666667 0.17222222222222222 0.35833333333333334
1 0.020833333333333332 0.19583333333333333 0.041666666666666664 0.23055555555555557
1 0.8777777777777778 0.6041666666666666 0.2111111111111111 0.25277777777777777
1 0.5694444444444444 0.9763888888888889 0.2 0.04722222222222222
1 0.5875 0.029166666666666667 0.20277777777777778 0.058333333333333334
1 0.8013888888888889 0.6305555555555555 0.16944444444444445 0.2111111111111111
1 0.9541666666666667 0.20833333333333334 0.09166666666666666 0.21666666666666667
1 0.29305555555555557 0.05 0.25833333333333336 0.1
1 0.4847222222222222 0.8680555555555556 0.325 0.2361111111111111
2 0.5222222222222223 0.5361111111111111 0.4777777777777778 0.5055555555555555
1 0.09861111111111111 0.9027777777777778 0.19722222222222222 0.19444444444444445
1 0.20277777777777778 0.5361111111111111 0.2111111111111111 0.2388888888888889
1 0.20833333333333334 0.24027777777777778 0.25 0.225
1 0.09444444444444444 0.44166666666666665 0.18333333333333332 0.2111111111111111
1 0.6416666666666667 0.19166666666666668 0.21666666666666667 0.25