1 0.8833333333333333 0.016666666666666666 0.23333333333333334 0.03333333333333333
1 0.8583333333333333 0.9861111111111112 0.2388888888888889 0.027777777777777776
1 0.2 0.37083333333333335 0.2222222222222222 0.2861111111111111
1 0.9444444444444444 0.5875 0.1111111111111111 0.20277777777777778
1 0.9305555555555556 0.8708333333333333 0.13333333333333333 0.20277777777777778
1 0.20694444444444443 0.03611111111111111 0.24722222222222223 0.07222222222222222
1 0.44305555555555554 0.8333333333333334 0.21388888888888888 0.25
1 0.9694444444444444 0.28055555555555556 0.06111111111111111 0.19444444444444445
1 0.8541666666666666 0.3138888888888889 0.20833333333333334 0.31666666666666665
1 0.06388888888888888 0.9402777777777778 0.12777777777777777 0.11944444444444445
2 0.4875 0.4708333333333333 0.39166666666666666 0.4083333333333333
1 0.7888888888888889 0.55 0.22777777777777777 0.17777777777777778
1 0.6763888888888889 0.7291666666666666 0.25833333333333336 0.21944444444444444
1 0.38055555555555554 0.15416666666666667 0.2388888888888889 0.225
1 0.25833333333333336 0.9208333333333333 0.19444444444444445 0.15833333333333333
1 0.08611111111111111 0.5486111111111112 0.17222222222222222 0.21388888888888888