1 0.1875 0.08055555555555556 0.375 0.16111111111111112
1 0.4861111111111111 0.9833333333333333 0.2111111111111111 0.03333333333333333
1 0.2125 0.020833333333333332 0.26944444444444443 0.041666666666666664
1 0.25555555555555554 0.6152777777777778 0.19444444444444445 0.175
1 0.6777777777777778 0.9763888888888889 0.2111111111111111 0.04722222222222222
1 0.9777777777777777 0.3388888888888889 0.044444444444444446 0.2111111111111111
1 0.1527777777777778 0.7166666666666667 0.25 0.20555555555555555
1 0.49583333333333335 0.8888888888888888 0.24722222222222223 0.19444444444444445
1 0.8152777777777778 0.35138888888888886 0.20833333333333334 0.18611111111111112
1 0.8847222222222222 0.15555555555555556 0.23055555555555557 0.3111111111111111
1 0.9027777777777778 0.7638888888888888 0.18888888888888888 0.2388888888888889
2 0.5263888888888889 0.46805555555555556 0.48055555555555557 0.49166666666666664
1 0.12361111111111112 0.8986111111111111 0.21944444444444444 0.20277777777777778
1 0.2902777777777778 0.21388888888888888 0.20833333333333334 0.2111111111111111
1 0.6833333333333333 0.7902777777777777 0.20555555555555555 0.20833333333333334
1 0.10138888888888889 0.16527777777777777 0.19722222222222222 0.20833333333333334