1 0.1361111111111111 0.8152777777777778 0.26666666666666666 0.36944444444444446
1 0.9361111111111111 0.019444444444444445 0.12777777777777777 0.03888888888888889
1 0.041666666666666664 0.5944444444444444 0.07777777777777778 0.22777777777777777
1 0.25555555555555554 0.5208333333333334 0.16666666666666666 0.18055555555555555
1 0.6083333333333333 0.05 0.2111111111111111 0.1
1 0.7708333333333334 0.9111111111111111 0.3416666666666667 0.17222222222222222
2 0.5041666666666667 0.5027777777777778 0.4083333333333333 0.4222222222222222
1 0.9361111111111111 0.3541666666666667 0.12777777777777777 0.18611111111111112
1 0.04861111111111111 0.33611111111111114 0.09166666666666666 0.2111111111111111
1 0.11527777777777778 0.7180555555555556 0.21944444444444444 0.2361111111111111
1 0.8597222222222223 0.18888888888888888 0.21944444444444444 0.16666666666666666
1 0.5055555555555555 0.7763888888888889 0.18333333333333332 0.18611111111111112
1 0.17916666666666667 0.2902777777777778 0.20833333333333334 0.21388888888888888
1 0.35138888888888886 0.11527777777777778 0.21388888888888888 0.21944444444444444
1 0.37916666666666665 0.9041666666666667 0.25277777777777777 0.19166666666666668
1 0.7777777777777778 0.7361111111111112 0.2222222222222222 0.2111111111111111
1 0.8 0.06527777777777778 0.19444444444444445 0.13055555555555556
1 0.3277777777777778 0.7291666666666666 0.19444444444444445 0.19722222222222222