1 0.8125 0.2708333333333333 0.275 0.2916666666666667
1 0.03611111111111111 0.2902777777777778 0.06666666666666667 0.21388888888888888
1 0.6388888888888888 0.9847222222222223 0.21666666666666667 0.030555555555555555
1 0.9777777777777777 0.2375 0.044444444444444446 0.1638888888888889
1 0.018055555555555554 0.2722222222222222 0.03611111111111111 0.20555555555555555
1 0.022222222222222223 0.9416666666666667 0.044444444444444446 0.1111111111111111
1 0.1597222222222222 0.2388888888888889 0.21944444444444444 0.2111111111111111
1 0.9791666666666666 0.36666666666666664 0.041666666666666664 0.18888888888888888
1 0.8097222222222222 0.325 0.20277777777777778 0.17222222222222222
1 0.15416666666666667 0.9013888888888889 0.25833333333333336 0.19722222222222222
1 0.02638888888888889 0.09583333333333334 0.05277777777777778 0.19166666666666668
1 0.35555555555555557 0.8555555555555555 0.2111111111111111 0.20555555555555555
2 0.5152777777777777 0.5 0.5027777777777778 0.5
1 0.20555555555555555 0.75 0.2 0.2111111111111111
1 0.075 0.6819444444444445 0.15 0.26944444444444443
1 0.7805555555555556 0.9041666666666667 0.2111111111111111 0.19166666666666668
1 0.9333333333333333 0.6152777777777778 0.13333333333333333 0.25277777777777777
1 0.20833333333333334 0.30833333333333335 0.16666666666666666 0.18333333333333332
1 0.525 0.16111111111111112 0.2111111111111111 0.20555555555555555
1 0.8347222222222223 0.06944444444444445 0.1638888888888889 0.13333333333333333