1 0.1736111111111111 0.6875 0.3472222222222222 0.5527777777777778
1 0.06666666666666667 0.9833333333333333 0.13333333333333333 0.03333333333333333
1 0.8277777777777777 0.17083333333333334 0.3277777777777778 0.3194444444444444
1 0.3819444444444444 0.1125 0.20277777777777778 0.19722222222222222
0 0.7472222222222222 0.1763888888888889 0.06666666666666667 0.08611111111111111
1 0.9708333333333333 0.9166666666666666 0.058333333333333334 0.16666666666666666
1 0.9736111111111111 0.4597222222222222 0.05277777777777778 0.20833333333333334
1 0.8152777777777778 0.6388888888888888 0.2361111111111111 0.2388888888888889
1 0.20555555555555555 0.5 0.23333333333333334 0.20555555555555555
1 0.5638888888888889 0.9458333333333333 0.2722222222222222 0.10833333333333334
1 0.04722222222222222 0.35 0.08888888888888889 0.21666666666666667
1 0.5666666666666667 0.06111111111111111 0.21666666666666667 0.12222222222222222
1 0.1486111111111111 0.7027777777777777 0.20833333333333334 0.2
2 0.5069444444444444 0.5583333333333333 0.41388888888888886 0.4388888888888889
1 0.05138888888888889 0.5583333333333333 0.10277777777777777 0.21666666666666667
1 0.06805555555555555 0.8736111111111111 0.1361111111111111 0.20277777777777778
1 0.2847222222222222 0.1375 0.19166666666666668 0.19722222222222222
1 0.7791666666666667 0.42916666666666664 0.20277777777777778 0.21944444444444444
1 0.9041666666666667 0.28055555555555556 0.19166666666666668 0.2388888888888889
1 0.08055555555555556 0.06527777777777778 0.16111111111111112 0.13055555555555556
1 0.11944444444444445 0.21805555555555556 0.2111111111111111 0.20833333333333334
1 0.2625 0.9138888888888889 0.21388888888888888 0.17222222222222222