1 0.2652777777777778 0.19722222222222222 0.4638888888888889 0.39444444444444443
1 0.175 0.6083333333333333 0.18888888888888888 0.2
1 0.9111111111111111 0.7236111111111111 0.17777777777777778 0.26944444444444443
1 0.6166666666666667 0.9791666666666666 0.24444444444444444 0.041666666666666664
1 0.7569444444444444 0.5805555555555556 0.19166666666666668 0.26666666666666666
1 0.9638888888888889 0.9333333333333333 0.07222222222222222 0.13333333333333333
1 0.11666666666666667 0.5069444444444444 0.21666666666666667 0.21388888888888888
1 0.03194444444444444 0.4111111111111111 0.06388888888888888 0.19444444444444445
0 0.6972222222222222 0.2652777777777778 0.09444444444444444 0.09166666666666666
1 0.45555555555555555 0.03888888888888889 0.23333333333333334 0.07777777777777778
1 0.24027777777777778 0.13055555555555556 0.21388888888888888 0.18888888888888888
1 0.8861111111111111 0.5027777777777778 0.21666666666666667 0.18888888888888888
2 0.13055555555555556 0.8319444444444445 0.2611111111111111 0.33611111111111114
1 0.4583333333333333 0.8972222222222223 0.22777777777777777 0.20555555555555555
2 0.46805555555555556 0.4708333333333333 0.48055555555555557 0.46944444444444444
1 0.8819444444444444 0.24305555555555555 0.21388888888888888 0.21944444444444444
1 0.25277777777777777 0.2361111111111111 0.17222222222222222 0.15555555555555556