1 0.49444444444444446 0.013888888888888888 0.21666666666666667 0.027777777777777776
1 0.8597222222222223 0.9833333333333333 0.23055555555555557 0.027777777777777776
1 0.8833333333333333 0.6958333333333333 0.22777777777777777 0.2361111111111111
1 0.3263888888888889 0.3111111111111111 0.24722222222222223 0.20555555555555555
1 0.9236111111111112 0.044444444444444446 0.1527777777777778 0.08888888888888889
0 0.2875 0.2263888888888889 0.10277777777777777 0.08611111111111111
0 0.8180555555555555 0.6847222222222222 0.075 0.08055555555555556
1 0.8958333333333334 0.9097222222222222 0.20833333333333334 0.1638888888888889
1 0.14027777777777778 0.3958333333333333 0.275 0.19722222222222222
1 0.5722222222222222 0.26944444444444443 0.2611111111111111 0.2
1 0.5555555555555556 0.10555555555555556 0.2611111111111111 0.19444444444444445
1 0.10416666666666667 0.03888888888888889 0.19722222222222222 0.07777777777777778
1 0.9222222222222223 0.2638888888888889 0.15555555555555556 0.24444444444444444
2 0.48055555555555557 0.5791666666666667 0.48333333333333334 0.5027777777777778
1 0.12916666666666668 0.9041666666666667 0.24166666666666667 0.19166666666666668