1 0.9458333333333333 0.7430555555555556 0.10833333333333334 0.18055555555555555
1 0.8666666666666667 0.09861111111111111 0.17777777777777778 0.18055555555555555
1 0.3194444444444444 0.02361111111111111 0.19444444444444445 0.04722222222222222
1 0.8972222222222223 0.9791666666666666 0.2 0.03611111111111111
1 0.05277777777777778 0.044444444444444446 0.10555555555555556 0.08333333333333333
1 0.9791666666666666 0.08333333333333333 0.041666666666666664 0.16666666666666666
2 0.5 0.4986111111111111 0.39444444444444443 0.38055555555555554
1 0.3416666666666667 0.6930555555555555 0.2111111111111111 0.18611111111111112
1 0.35833333333333334 0.15694444444444444 0.19444444444444445 0.19722222222222222
1 0.09722222222222222 0.1638888888888889 0.18888888888888888 0.20555555555555555
1 0.04583333333333333 0.5763888888888888 0.08611111111111111 0.3138888888888889
1 0.7444444444444445 0.30416666666666664 0.24444444444444444 0.19166666666666668
1 0.7 0.12916666666666668 0.21666666666666667 0.20833333333333334
1 0.8333333333333334 0.49583333333333335 0.22777777777777777 0.18055555555555555
1 0.7319444444444444 0.9236111111111112 0.20833333333333334 0.1527777777777778
1 0.35 0.27361111111111114 0.18888888888888888 0.21388888888888888
1 0.3541666666666667 0.8708333333333333 0.21388888888888888 0.20277777777777778
1 0.9083333333333333 0.8847222222222222 0.18333333333333332 0.18611111111111112
1 0.9027777777777778 0.6416666666666667 0.17222222222222222 0.2
1 0.08194444444444444 0.35555555555555557 0.1638888888888889 0.19444444444444445
1 0.17222222222222222 0.9013888888888889 0.20555555555555555 0.19722222222222222
1 0.5458333333333333 0.2388888888888889 0.18611111111111112 0.16666666666666666