2 0.5055555555555555 0.48333333333333334 0.4666666666666667 0.4777777777777778
1 0.2833333333333333 0.2152777777777778 0.22777777777777777 0.21388888888888888
1 0.28194444444444444 0.09305555555555556 0.25833333333333336 0.18055555555555555
1 0.175 0.5125 0.2111111111111111 0.24166666666666667
1 0.8041666666666667 0.3402777777777778 0.21388888888888888 0.20277777777777778
1 0.09583333333333334 0.9291666666666667 0.18611111111111112 0.14166666666666666
1 0.075 0.6930555555555555 0.15 0.19722222222222222
1 0.25416666666666665 0.7152777777777778 0.24722222222222223 0.24166666666666667
1 0.7763888888888889 0.8958333333333334 0.21944444444444444 0.20833333333333334
1 0.4861111111111111 0.7847222222222222 0.2611111111111111 0.21388888888888888
1 0.28055555555555556 0.9083333333333333 0.2388888888888889 0.18333333333333332
1 0.8541666666666666 0.11805555555555555 0.19722222222222222 0.23055555555555557
1 0.9083333333333333 0.7861111111111111 0.18333333333333332 0.23333333333333334