1 0.1111111111111111 0.020833333333333332 0.2222222222222222 0.041666666666666664
1 0.059722222222222225 0.9708333333333333 0.11944444444444445 0.058333333333333334
1 0.8347222222222223 0.02638888888888889 0.28055555555555556 0.05277777777777778
1 0.375 0.10416666666666667 0.2777777777777778 0.20277777777777778
1 0.041666666666666664 0.7666666666666667 0.07777777777777778 0.28888888888888886
1 0.5930555555555556 0.9541666666666667 0.25833333333333336 0.09166666666666666
1 0.9527777777777777 0.24861111111111112 0.09444444444444444 0.25277777777777777
1 0.3013888888888889 0.06111111111111111 0.21388888888888888 0.12222222222222222
1 0.21388888888888888 0.9388888888888889 0.25555555555555554 0.11666666666666667
1 0.7305555555555555 0.6597222222222222 0.17777777777777778 0.24722222222222223
1 0.9361111111111111 0.6458333333333334 0.12777777777777777 0.25833333333333336
2 0.4986111111111111 0.5194444444444445 0.4083333333333333 0.4111111111111111
1 0.8555555555555555 0.4597222222222222 0.28888888888888886 0.2361111111111111
1 0.33055555555555555 0.28888888888888886 0.24444444444444444 0.16666666666666666