1 0.9 0.9352617079889807 0.19444444444444445 0.12947658402203857
1 0.07083333333333333 0.06611570247933884 0.14166666666666666 0.1322314049586777
1 0.5833333333333334 0.0371900826446281 0.25 0.0743801652892562
1 0.2972222222222222 0.3181818181818182 0.25 0.256198347107438
1 0.35694444444444445 0.756198347107438 0.25277777777777777 0.23415977961432508
1 0.7902777777777777 0.9090909090909091 0.24166666666666667 0.18181818181818182
2 0.49722222222222223 0.49449035812672176 0.3611111111111111 0.35537190082644626
1 0.7833333333333333 0.09779614325068871 0.23333333333333334 0.19008264462809918
1 0.12083333333333333 0.8168044077134986 0.23055555555555557 0.22865013774104684
1 0.9194444444444444 0.5358126721763086 0.15555555555555556 0.24517906336088155
1 0.8319444444444445 0.7107438016528925 0.2361111111111111 0.23140495867768596
1 0.5833333333333334 0.20110192837465565 0.23333333333333334 0.2369146005509642
1 0.13194444444444445 0.19696969696969696 0.25277777777777777 0.2231404958677686
1 0.6180555555555556 0.743801652892562 0.23055555555555557 0.23140495867768596
1 0.8944444444444445 0.29338842975206614 0.20555555555555555 0.25068870523415976
1 0.5513888888888889 0.9214876033057852 0.25833333333333336 0.15702479338842976