1 0.7986111111111112 0.015151515151515152 0.25833333333333336 0.030303030303030304
1 0.9583333333333334 0.7272727272727273 0.07777777777777778 0.25895316804407714
1 0.05694444444444444 0.7699724517906336 0.11388888888888889 0.23415977961432508
1 0.24722222222222223 0.49586776859504134 0.18888888888888888 0.33608815426997246
1 0.8472222222222222 0.40633608815426997 0.2611111111111111 0.27823691460055094
1 0.8083333333333333 0.71900826446281 0.24444444444444444 0.24793388429752067
2 0.5 0.4931129476584022 0.37222222222222223 0.3856749311294766
1 0.09444444444444444 0.931129476584022 0.18888888888888888 0.13774104683195593
1 0.16944444444444445 0.2190082644628099 0.24444444444444444 0.24517906336088155
1 0.3875 0.7741046831955923 0.25277777777777777 0.23140495867768596
1 0.4166666666666667 0.1349862258953168 0.25555555555555554 0.24242424242424243
1 0.9125 0.12258953168044077 0.16944444444444445 0.24517906336088155
1 0.7152777777777778 0.25206611570247933 0.25833333333333336 0.23415977961432508
1 0.08333333333333333 0.48622589531680444 0.16666666666666666 0.2396694214876033
1 0.8652777777777778 0.9228650137741047 0.26944444444444443 0.15426997245179064
1 0.6 0.8856749311294766 0.2222222222222222 0.21763085399449036