1 0.4444444444444444 0.013774104683195593 0.20555555555555555 0.027548209366391185
1 0.06805555555555555 0.9559228650137741 0.1361111111111111 0.0881542699724518
1 0.9472222222222222 0.8278236914600551 0.10555555555555556 0.2892561983471074
1 0.8916666666666667 0.4820936639118457 0.20555555555555555 0.209366391184573
1 0.24305555555555555 0.9573002754820936 0.23055555555555557 0.08539944903581267
1 0.9138888888888889 0.07162534435261708 0.16111111111111112 0.13774104683195593
1 0.08472222222222223 0.15151515151515152 0.16944444444444445 0.2534435261707989
1 0.49027777777777776 0.940771349862259 0.25277777777777777 0.11294765840220386
1 0.9347222222222222 0.2713498622589532 0.125 0.23415977961432508
1 0.6138888888888889 0.8415977961432507 0.2222222222222222 0.21212121212121213
1 0.6527777777777778 0.05785123966942149 0.25555555555555554 0.11570247933884298
1 0.7944444444444444 0.7079889807162535 0.2611111111111111 0.27548209366391185
1 0.20416666666666666 0.5068870523415978 0.225 0.22589531680440772
1 0.1125 0.7823691460055097 0.21944444444444444 0.25895316804407714
1 0.30972222222222223 0.709366391184573 0.21944444444444444 0.22865013774104684
1 0.2638888888888889 0.0743801652892562 0.21666666666666667 0.1487603305785124
1 0.12361111111111112 0.3168044077134986 0.24166666666666667 0.18732782369146006
1 0.4444444444444444 0.1487603305785124 0.2111111111111111 0.21487603305785125
2 0.49583333333333335 0.49449035812672176 0.41388888888888886 0.2837465564738292
1 0.8125 0.9228650137741047 0.23055555555555557 0.1487603305785124
1 0.7666666666666667 0.20523415977961432 0.25 0.22865013774104684