1 0.7222222222222222 0.9848484848484849 0.2388888888888889 0.024793388429752067
1 0.9708333333333333 0.13911845730027547 0.05277777777777778 0.24517906336088155
1 0.034722222222222224 0.2644628099173554 0.06388888888888888 0.23140495867768596
0 0.10416666666666667 0.24517906336088155 0.09722222222222222 0.09366391184573003
1 0.6763888888888889 0.6735537190082644 0.21944444444444444 0.21763085399449036
1 0.10555555555555556 0.030303030303030304 0.20555555555555555 0.05509641873278237
1 0.8597222222222223 0.03994490358126722 0.225 0.07988980716253444
1 0.3527777777777778 0.8292011019283747 0.24444444444444444 0.22589531680440772
1 0.8097222222222222 0.8044077134986226 0.21944444444444444 0.20385674931129477
2 0.5013888888888889 0.4972451790633609 0.325 0.3443526170798898
1 0.4388888888888889 0.06887052341597796 0.2222222222222222 0.1322314049586777
1 0.2361111111111111 0.11983471074380166 0.21666666666666667 0.22865013774104684
1 0.9097222222222222 0.9297520661157025 0.175 0.14049586776859505
1 0.5125 0.9352617079889807 0.24166666666666667 0.12396694214876033
1 0.7625 0.23415977961432508 0.24722222222222223 0.24793388429752067
1 0.09166666666666666 0.7424242424242424 0.18333333333333332 0.2231404958677686
1 0.16805555555555557 0.9228650137741047 0.2638888888888889 0.15426997245179064
1 0.8805555555555555 0.5798898071625345 0.23333333333333334 0.2231404958677686
1 0.6513888888888889 0.07300275482093664 0.21388888888888888 0.14600550964187328
1 0.5611111111111111 0.7920110192837465 0.19444444444444445 0.17355371900826447
1 0.8944444444444445 0.349862258953168 0.20555555555555555 0.22589531680440772
1 0.2847222222222222 0.640495867768595 0.24722222222222223 0.21763085399449036
1 0.1125 0.4380165289256198 0.21944444444444444 0.1928374655647383
1 0.37777777777777777 0.28236914600550966 0.2111111111111111 0.19559228650137742