1 0.041666666666666664 0.418732782369146 0.08333333333333333 0.2534435261707989
1 0.04027777777777778 0.803030303030303 0.08055555555555556 0.2396694214876033
1 0.9541666666666667 0.11294765840220386 0.08611111111111111 0.22589531680440772
1 0.7180555555555556 0.9820936639118457 0.20833333333333334 0.03581267217630854
1 0.10694444444444444 0.9628099173553719 0.20833333333333334 0.0743801652892562
1 0.6486111111111111 0.3044077134986226 0.2361111111111111 0.21212121212121213
1 0.25277777777777777 0.9628099173553719 0.19444444444444445 0.0743801652892562
1 0.10277777777777777 0.06473829201101929 0.20555555555555555 0.12947658402203857
1 0.37222222222222223 0.709366391184573 0.2722222222222222 0.18457300275482094
2 0.49583333333333335 0.4986225895316804 0.30833333333333335 0.3140495867768595
1 0.7875 0.11983471074380166 0.23055555555555557 0.2231404958677686
1 0.8361111111111111 0.8429752066115702 0.29444444444444445 0.25895316804407714
1 0.4875 0.9352617079889807 0.2638888888888889 0.12947658402203857
1 0.18611111111111112 0.5633608815426997 0.28888888888888886 0.23415977961432508
1 0.2388888888888889 0.29338842975206614 0.21666666666666667 0.24517906336088155
1 0.7388888888888889 0.6267217630853994 0.23333333333333334 0.19008264462809918