1 0.9111111111111111 0.371900826446281 0.17222222222222222 0.29201101928374656
1 0.7819444444444444 0.5867768595041323 0.24722222222222223 0.2369146005509642
1 0.14166666666666666 0.15013774104683195 0.2722222222222222 0.29476584022038566
2 0.4986111111111111 0.509641873278237 0.3527777777777778 0.3526170798898072
1 0.8111111111111111 0.0440771349862259 0.2611111111111111 0.0881542699724518
1 0.10694444444444444 0.5289256198347108 0.21388888888888888 0.2534435261707989
1 0.825 0.696969696969697 0.2388888888888889 0.21487603305785125
1 0.24722222222222223 0.40771349862258954 0.22777777777777777 0.2369146005509642
1 0.1 0.8622589531680441 0.2 0.27548209366391185
1 0.5819444444444445 0.8787878787878788 0.2638888888888889 0.24242424242424243
1 0.7666666666666667 0.21487603305785125 0.2722222222222222 0.2369146005509642
1 0.8194444444444444 0.9022038567493113 0.2 0.19559228650137742
1 0.30972222222222223 0.8815426997245179 0.24722222222222223 0.23140495867768596