1 0.4388888888888889 0.015151515151515152 0.22777777777777777 0.030303030303030304
1 0.6013888888888889 0.7630853994490359 0.2638888888888889 0.2975206611570248
1 0.9055555555555556 0.9545454545454546 0.18333333333333332 0.09090909090909091
1 0.07361111111111111 0.9022038567493113 0.14722222222222223 0.19559228650137742
1 0.0625 0.32231404958677684 0.11944444444444445 0.22038567493112948
1 0.9263888888888889 0.453168044077135 0.14722222222222223 0.2837465564738292
1 0.9097222222222222 0.09504132231404959 0.18055555555555555 0.19008264462809918
1 0.18055555555555555 0.5964187327823691 0.24444444444444444 0.24517906336088155
1 0.225 0.8636363636363636 0.2222222222222222 0.26170798898071623
2 0.5041666666666667 0.5013774104683195 0.2916666666666667 0.3305785123966942
0 0.38333333333333336 0.3044077134986226 0.07222222222222222 0.0743801652892562
1 0.15416666666666667 0.05509641873278237 0.24166666666666667 0.11019283746556474
1 0.8902777777777777 0.8471074380165289 0.20833333333333334 0.2231404958677686
1 0.25555555555555554 0.20523415977961432 0.2611111111111111 0.26721763085399447
1 0.5777777777777777 0.10330578512396695 0.2388888888888889 0.2066115702479339
1 0.7597222222222222 0.2231404958677686 0.26944444444444443 0.22589531680440772
1 0.44722222222222224 0.9269972451790633 0.2388888888888889 0.14600550964187328
1 0.7111111111111111 0.9256198347107438 0.2388888888888889 0.1487603305785124
1 0.8416666666666667 0.6336088154269972 0.2611111111111111 0.22589531680440772