1 0.9708333333333333 0.9380165289256198 0.058333333333333334 0.1184573002754821
1 0.05555555555555555 0.9242424242424242 0.10555555555555556 0.14600550964187328
1 0.05694444444444444 0.1046831955922865 0.11388888888888889 0.209366391184573
1 0.9472222222222222 0.14600550964187328 0.1 0.25895316804407714
1 0.4388888888888889 0.9710743801652892 0.2388888888888889 0.05785123966942149
2 0.5041666666666667 0.5316804407713499 0.30833333333333335 0.4132231404958678
1 0.8388888888888889 0.8360881542699724 0.25555555555555554 0.24517906336088155
1 0.9277777777777778 0.3884297520661157 0.1388888888888889 0.23140495867768596
1 0.3138888888888889 0.628099173553719 0.24444444444444444 0.2534435261707989
1 0.6819444444444445 0.19972451790633608 0.24166666666666667 0.23415977961432508
1 0.37916666666666665 0.2534435261707989 0.24166666666666667 0.22589531680440772
1 0.20833333333333334 0.07162534435261708 0.20555555555555555 0.14325068870523416
1 0.41944444444444445 0.8347107438016529 0.23333333333333334 0.20385674931129477
1 0.7444444444444445 0.5730027548209367 0.23333333333333334 0.22038567493112948
1 0.6208333333333333 0.9008264462809917 0.2361111111111111 0.19834710743801653
1 0.9194444444444444 0.6584022038567493 0.15555555555555556 0.22589531680440772
1 0.23194444444444445 0.42699724517906334 0.28055555555555556 0.22038567493112948
2 0.4888888888888889 0.07713498622589532 0.4111111111111111 0.15426997245179064
1 0.2125 0.9201101928374655 0.225 0.15977961432506887