1 0.325 0.7148760330578512 0.2833333333333333 0.21763085399449036
1 0.9819444444444444 0.19696969696969696 0.03611111111111111 0.2231404958677686
1 0.9444444444444444 0.6652892561983471 0.10555555555555556 0.25068870523415976
0 0.2638888888888889 0.03581267217630854 0.1 0.06611570247933884
1 0.39305555555555555 0.7644628099173554 0.225 0.25068870523415976
2 0.49722222222222223 0.4986225895316804 0.3611111111111111 0.3415977961432507
1 0.6097222222222223 0.21074380165289255 0.25833333333333336 0.23415977961432508
1 0.8513888888888889 0.30991735537190085 0.25277777777777777 0.2231404958677686
1 0.9138888888888889 0.05922865013774105 0.16666666666666666 0.1184573002754821
1 0.44583333333333336 0.9352617079889807 0.2361111111111111 0.12396694214876033
1 0.7180555555555556 0.7658402203856749 0.24166666666666667 0.2369146005509642
1 0.22916666666666666 0.9338842975206612 0.24722222222222223 0.12672176308539945
1 0.9236111111111112 0.8636363636363636 0.14722222222222223 0.21212121212121213
1 0.49166666666666664 0.07575757575757576 0.2111111111111111 0.15151515151515152
1 0.10833333333333334 0.16942148760330578 0.21666666666666667 0.2396694214876033