1 0.9680555555555556 0.59366391184573 0.06388888888888888 0.2837465564738292
1 0.9680555555555556 0.9641873278236914 0.058333333333333334 0.07162534435261708
1 0.9625 0.19421487603305784 0.06944444444444445 0.256198347107438
1 0.4625 0.9504132231404959 0.2972222222222222 0.09917355371900827
1 0.5972222222222222 0.04269972451790634 0.29444444444444445 0.08539944903581267
1 0.9083333333333333 0.04132231404958678 0.17777777777777778 0.08264462809917356
1 0.06944444444444445 0.13774104683195593 0.1388888888888889 0.23140495867768596
1 0.6791666666666667 0.9669421487603306 0.19166666666666668 0.06611570247933884
1 0.14444444444444443 0.5578512396694215 0.2777777777777778 0.2396694214876033
2 0.4930555555555556 0.5289256198347108 0.3138888888888889 0.4793388429752066
1 0.3736111111111111 0.2493112947658402 0.24166666666666667 0.23415977961432508
1 0.6027777777777777 0.1859504132231405 0.2388888888888889 0.23415977961432508
1 0.8319444444444445 0.5068870523415978 0.24722222222222223 0.2369146005509642
1 0.11527777777777778 0.9297520661157025 0.23055555555555557 0.14049586776859505
1 0.6902777777777778 0.7011019283746557 0.24166666666666667 0.22865013774104684
1 0.8361111111111111 0.26584022038567495 0.25 0.2396694214876033
1 0.475 0.8319559228650137 0.2722222222222222 0.18181818181818182
1 0.14027777777777778 0.31267217630853994 0.2361111111111111 0.24517906336088155
1 0.25555555555555554 0.08402203856749312 0.23333333333333334 0.16804407713498623
1 0.8555555555555555 0.8842975206611571 0.2222222222222222 0.21487603305785125