1 0.10833333333333334 0.02066115702479339 0.21666666666666667 0.04132231404958678
1 0.9722222222222222 0.3154269972451791 0.05 0.2231404958677686
1 0.9444444444444444 0.9146005509641874 0.1111111111111111 0.17079889807162535
0 0.7430555555555556 0.6584022038567493 0.09722222222222222 0.09366391184573003
1 0.5625 0.030303030303030304 0.2361111111111111 0.06060606060606061
1 0.6847222222222222 0.800275482093664 0.24722222222222223 0.22865013774104684
2 0.4638888888888889 0.5 0.40555555555555556 0.3884297520661157
1 0.4388888888888889 0.9586776859504132 0.2222222222222222 0.08264462809917356
1 0.9027777777777778 0.12947658402203857 0.18888888888888888 0.22589531680440772
1 0.12222222222222222 0.778236914600551 0.2222222222222222 0.2231404958677686
1 0.8958333333333334 0.7465564738292011 0.19722222222222222 0.22038567493112948
1 0.7319444444444444 0.5082644628099173 0.20277777777777778 0.22865013774104684
1 0.21805555555555556 0.9462809917355371 0.23055555555555557 0.10743801652892562
1 0.42777777777777776 0.7272727272727273 0.2111111111111111 0.21487603305785125
1 0.7638888888888888 0.07851239669421488 0.20555555555555555 0.15702479338842976
1 0.6194444444444445 0.2190082644628099 0.23333333333333334 0.2231404958677686
1 0.34444444444444444 0.2892561983471074 0.24444444444444444 0.24793388429752067
1 0.8277777777777777 0.31955922865013775 0.23333333333333334 0.20385674931129477
1 0.9097222222222222 0.5041322314049587 0.16944444444444445 0.20385674931129477
1 0.11944444444444445 0.35537190082644626 0.2222222222222222 0.22589531680440772
1 0.15138888888888888 0.5853994490358126 0.18611111111111112 0.17355371900826447