1 0.05555555555555555 0.7575757575757576 0.1111111111111111 0.2699724517906336
1 0.1375 0.026170798898071626 0.24166666666666667 0.05234159779614325
1 0.0625 0.509641873278237 0.125 0.2534435261707989
1 0.8958333333333334 0.03443526170798898 0.20833333333333334 0.06887052341597796
2 0.49444444444444446 0.4986225895316804 0.3055555555555556 0.2865013774104683
1 0.7041666666666667 0.10055096418732783 0.21944444444444444 0.19559228650137742
1 0.20972222222222223 0.859504132231405 0.26944444444444443 0.2644628099173554
1 0.8916666666666667 0.8099173553719008 0.20555555555555555 0.24242424242424243
1 0.7819444444444444 0.9118457300275482 0.21388888888888888 0.1763085399449036
1 0.8875 0.2630853994490358 0.21944444444444444 0.25068870523415976
1 0.6569444444444444 0.31267217630853994 0.25277777777777777 0.2396694214876033
1 0.375 0.29476584022038566 0.2777777777777778 0.22589531680440772
1 0.24305555555555555 0.5179063360881543 0.2361111111111111 0.23140495867768596
1 0.40694444444444444 0.7231404958677686 0.2638888888888889 0.21763085399449036
1 0.4583333333333333 0.09641873278236915 0.26666666666666666 0.1928374655647383
1 0.20694444444444443 0.14738292011019283 0.26944444444444443 0.19008264462809918
1 0.44027777777777777 0.9201101928374655 0.175 0.15977961432506887
1 0.6097222222222223 0.8443526170798898 0.20277777777777778 0.22865013774104684