1 0.8694444444444445 0.9848484848484849 0.2388888888888889 0.024793388429752067
1 0.5125 0.9862258953168044 0.20833333333333334 0.027548209366391185
1 0.30277777777777776 0.9862258953168044 0.2111111111111111 0.027548209366391185
1 0.9597222222222223 0.6831955922865014 0.075 0.25895316804407714
1 0.23055555555555557 0.8057851239669421 0.2722222222222222 0.256198347107438
1 0.6194444444444445 0.8085399449035813 0.2611111111111111 0.22865013774104684
1 0.6555555555555556 0.08953168044077135 0.2 0.17355371900826447
1 0.07361111111111111 0.19008264462809918 0.14722222222222223 0.23140495867768596
1 0.06388888888888888 0.7341597796143251 0.12777777777777777 0.25068870523415976
1 0.3458333333333333 0.709366391184573 0.24722222222222223 0.22865013774104684
1 0.8388888888888889 0.4669421487603306 0.2722222222222222 0.2892561983471074
2 0.49722222222222223 0.49449035812672176 0.37777777777777777 0.3939393939393939
1 0.6791666666666667 0.9159779614325069 0.225 0.16804407713498623
1 0.29583333333333334 0.06473829201101929 0.25277777777777777 0.12396694214876033
1 0.13333333333333333 0.40771349862258954 0.25555555555555554 0.2534435261707989
1 0.8597222222222223 0.13085399449035812 0.2638888888888889 0.26170798898071623
1 0.3875 0.20385674931129477 0.24166666666666667 0.22038567493112948
1 0.8930555555555556 0.8829201101928374 0.20833333333333334 0.21212121212121213