1 0.6958333333333333 0.0371900826446281 0.19166666666666668 0.06887052341597796
1 0.9486111111111111 0.7506887052341598 0.10277777777777777 0.25068870523415976
1 0.8972222222222223 0.5206611570247934 0.2 0.22589531680440772
1 0.17083333333333334 0.8195592286501377 0.3194444444444444 0.3443526170798898
1 0.09722222222222222 0.9848484848484849 0.19444444444444445 0.030303030303030304
1 0.1763888888888889 0.7534435261707989 0.20277777777777778 0.2066115702479339
1 0.6902777777777778 0.9765840220385675 0.2861111111111111 0.046831955922865015
1 0.7527777777777778 0.48760330578512395 0.2388888888888889 0.24793388429752067
2 0.49722222222222223 0.49586776859504134 0.3388888888888889 0.33608815426997246
1 0.325 0.6735537190082644 0.24444444444444444 0.2396694214876033
1 0.6930555555555555 0.06060606060606061 0.2638888888888889 0.12121212121212122
0 0.09722222222222222 0.6584022038567493 0.08888888888888889 0.09366391184573003
1 0.9041666666666667 0.05647382920110193 0.18611111111111112 0.11294765840220386
1 0.3375 0.10055096418732783 0.25277777777777777 0.19559228650137742
1 0.4222222222222222 0.9476584022038568 0.26666666666666666 0.09917355371900827
1 0.9194444444444444 0.931129476584022 0.15 0.13774104683195593
1 0.09722222222222222 0.10743801652892562 0.18888888888888888 0.209366391184573
1 0.8763888888888889 0.26859504132231404 0.2361111111111111 0.26170798898071623
1 0.26805555555555555 0.32920110192837465 0.25833333333333336 0.256198347107438