0 0.375 0.9573002754820936 0.16111111111111112 0.08539944903581267
1 0.07361111111111111 0.08264462809917356 0.14722222222222223 0.1652892561983471
1 0.7583333333333333 0.48622589531680444 0.2222222222222222 0.2837465564738292
2 0.375 0.9559228650137741 0.17222222222222222 0.0881542699724518
0 0.7611111111111111 0.162534435261708 0.1 0.0881542699724518
1 0.16111111111111112 0.6198347107438017 0.2722222222222222 0.23140495867768596
1 0.7027777777777777 0.7727272727272727 0.25555555555555554 0.26170798898071623
1 0.8847222222222222 0.6418732782369146 0.225 0.2534435261707989
1 0.32083333333333336 0.7024793388429752 0.21388888888888888 0.1928374655647383
1 0.7986111111111112 0.06336088154269973 0.24166666666666667 0.12121212121212122
1 0.8847222222222222 0.23140495867768596 0.225 0.2534435261707989
2 0.4930555555555556 0.5041322314049587 0.38055555555555554 0.39669421487603307
1 0.5111111111111111 0.8691460055096418 0.26666666666666666 0.26170798898071623
1 0.6069444444444444 0.22451790633608815 0.28055555555555556 0.2231404958677686
1 0.1486111111111111 0.8650137741046832 0.2861111111111111 0.2644628099173554
1 0.12222222222222222 0.39944903581267216 0.24444444444444444 0.24793388429752067