1 0.5519125683060109 0.052845528455284556 0.3114754098360656 0.10569105691056911
1 0.1092896174863388 0.8373983739837398 0.2185792349726776 0.3252032520325203
1 0.8265027322404371 0.6476964769647696 0.16666666666666666 0.21680216802168023
1 0.4808743169398907 0.8902439024390244 0.20765027322404372 0.19241192411924118
1 0.35382513661202186 0.7168021680216802 0.25956284153005466 0.2140921409214092
1 0.3128415300546448 0.018970189701897018 0.23224043715846995 0.037940379403794036
1 0.26366120218579236 0.9850948509485095 0.2103825136612022 0.02981029810298103
1 0.7718579234972678 0.9024390243902439 0.21584699453551912 0.1897018970189702
1 0.5273224043715847 0.02710027100271003 0.21311475409836064 0.05420054200542006
1 0.6926229508196722 0.9417344173441734 0.226775956284153 0.11653116531165311
0 0.34289617486338797 0.0989159891598916 0.07377049180327869 0.07317073170731707
1 0.0546448087431694 0.8306233062330624 0.1092896174863388 0.2140921409214092
1 0.0942622950819672 0.25609756097560976 0.1885245901639344 0.22493224932249323
0 0.6680327868852459 0.35907859078590787 0.10109289617486339 0.0948509485094851
1 0.46174863387978143 0.9498644986449865 0.22404371584699453 0.1002710027100271
1 0.930327868852459 0.94579945799458 0.13387978142076504 0.10840108401084012
1 0.726775956284153 0.6856368563685636 0.22404371584699453 0.20596205962059622
2 0.4931693989071038 0.489159891598916 0.40710382513661203 0.3333333333333333
1 0.07240437158469945 0.5691056910569106 0.1448087431693989 0.23306233062330622
1 0.8674863387978142 0.2750677506775068 0.2540983606557377 0.23577235772357724
1 0.27049180327868855 0.13956639566395665 0.22404371584699453 0.22493224932249323
1 0.6489071038251366 0.17886178861788618 0.23770491803278687 0.21680216802168023
1 0.29918032786885246 0.7723577235772358 0.20491803278688525 0.1897018970189702
1 0.27595628415300544 0.3509485094850949 0.25136612021857924 0.23035230352303523
1 0.8620218579234973 0.08401084010840108 0.24316939890710382 0.16802168021680217
1 0.08743169398907104 0.11382113821138211 0.17486338797814208 0.2222222222222222