1 0.9694444444444444 0.4903581267217631 0.05555555555555555 0.2369146005509642
1 0.39444444444444443 0.9724517906336089 0.2111111111111111 0.05509641873278237
1 0.9388888888888889 0.2369146005509642 0.12222222222222222 0.2644628099173554
1 0.05416666666666667 0.8071625344352618 0.10833333333333334 0.2534435261707989
2 0.5041666666666667 0.49586776859504134 0.33611111111111114 0.3305785123966942
1 0.07083333333333333 0.465564738292011 0.14166666666666666 0.2809917355371901
1 0.7708333333333334 0.9338842975206612 0.2361111111111111 0.12672176308539945
1 0.6527777777777778 0.7355371900826446 0.20555555555555555 0.27548209366391185
1 0.7833333333333333 0.2865013774104683 0.23333333333333334 0.22589531680440772
1 0.8708333333333333 0.6349862258953168 0.24722222222222223 0.23415977961432508
1 0.2388888888888889 0.12121212121212122 0.31666666666666665 0.2369146005509642
1 0.26944444444444443 0.6528925619834711 0.22777777777777777 0.1928374655647383
1 0.5555555555555556 0.15289256198347106 0.2722222222222222 0.2396694214876033
1 0.2152777777777778 0.33608815426997246 0.20833333333333334 0.209366391184573
1 0.2833333333333333 0.8705234159779615 0.23333333333333334 0.22589531680440772