1 0.9027777777777778 0.1349862258953168 0.19444444444444445 0.2644628099173554
1 0.5388888888888889 0.02066115702479339 0.2388888888888889 0.04132231404958678
1 0.9194444444444444 0.9738292011019284 0.15555555555555556 0.05234159779614325
1 0.7527777777777778 0.3622589531680441 0.22777777777777777 0.21212121212121213
1 0.059722222222222225 0.10606060606060606 0.11944444444444445 0.2066115702479339
1 0.5208333333333334 0.9600550964187328 0.21388888888888888 0.0743801652892562
1 0.7513888888888889 0.6845730027548209 0.24166666666666667 0.20110192837465565
1 0.18888888888888888 0.03856749311294766 0.22777777777777777 0.07713498622589532
1 0.2833333333333333 0.6487603305785123 0.22777777777777777 0.22865013774104684
1 0.26805555555555555 0.8016528925619835 0.23055555555555557 0.20385674931129477
2 0.4986111111111111 0.49449035812672176 0.35833333333333334 0.41046831955922863
1 0.47638888888888886 0.8099173553719008 0.20277777777777778 0.24242424242424243
1 0.6402777777777777 0.7382920110192838 0.20833333333333334 0.18732782369146006
1 0.13472222222222222 0.9297520661157025 0.21388888888888888 0.14049586776859505
1 0.9055555555555556 0.5454545454545454 0.17777777777777778 0.209366391184573
1 0.7027777777777777 0.9132231404958677 0.23333333333333334 0.17355371900826447
1 0.29305555555555557 0.21074380165289255 0.24722222222222223 0.2231404958677686
1 0.8888888888888888 0.8567493112947658 0.21666666666666667 0.20385674931129477
1 0.8694444444444445 0.3622589531680441 0.2111111111111111 0.1790633608815427
1 0.6958333333333333 0.10881542699724518 0.23055555555555557 0.21763085399449036
1 0.24166666666666667 0.41735537190082644 0.2111111111111111 0.21212121212121213
1 0.09583333333333334 0.6790633608815427 0.19166666666666668 0.21212121212121213