1 0.05416666666666667 0.10055096418732783 0.10833333333333334 0.20110192837465565
1 0.4041666666666667 0.27548209366391185 0.24166666666666667 0.2369146005509642
1 0.9291666666666667 0.9696969696969697 0.1361111111111111 0.06060606060606061
1 0.07916666666666666 0.9435261707988981 0.15833333333333333 0.11294765840220386
1 0.3541666666666667 0.08677685950413223 0.225 0.16804407713498623
1 0.2763888888888889 0.9710743801652892 0.25277777777777777 0.05785123966942149
1 0.9180555555555555 0.7947658402203857 0.1638888888888889 0.26170798898071623
1 0.08194444444444444 0.7768595041322314 0.1638888888888889 0.24242424242424243
1 0.49027777777777776 0.7741046831955923 0.25277777777777777 0.23140495867768596
1 0.9083333333333333 0.42424242424242425 0.17222222222222222 0.2369146005509642
1 0.7347222222222223 0.6336088154269972 0.2361111111111111 0.2534435261707989
1 0.5513888888888889 0.07988980716253444 0.2361111111111111 0.15977961432506887
2 0.4930555555555556 0.5027548209366391 0.3472222222222222 0.35537190082644626
1 0.2763888888888889 0.8168044077134986 0.2361111111111111 0.25068870523415976
1 0.7458333333333333 0.9201101928374655 0.26944444444444443 0.15977961432506887
1 0.16944444444444445 0.39669421487603307 0.23333333333333334 0.23140495867768596
1 0.6916666666666667 0.3581267217630854 0.20555555555555555 0.20385674931129477