1 0.9847222222222223 0.6818181818181818 0.030555555555555555 0.19559228650137742
1 0.06944444444444445 0.04132231404958678 0.1388888888888889 0.07713498622589532
1 0.6125 0.05234159779614325 0.225 0.1046831955922865
1 0.5638888888888889 0.9380165289256198 0.2 0.12396694214876033
1 0.9291666666666667 0.29614325068870523 0.1361111111111111 0.19008264462809918
1 0.9319444444444445 0.49449035812672176 0.1361111111111111 0.18457300275482094
1 0.3611111111111111 0.2988980716253444 0.25555555555555554 0.21763085399449036
1 0.07361111111111111 0.45867768595041325 0.14722222222222223 0.2066115702479339
1 0.4361111111111111 0.7493112947658402 0.21666666666666667 0.2369146005509642
1 0.7263888888888889 0.2865013774104683 0.24166666666666667 0.2369146005509642
1 0.6444444444444445 0.7107438016528925 0.2111111111111111 0.22038567493112948
1 0.11805555555555555 0.174931129476584 0.21388888888888888 0.22865013774104684
1 0.7861111111111111 0.568870523415978 0.21666666666666667 0.21763085399449036
1 0.925 0.8429752066115702 0.15 0.19834710743801653
2 0.5013888888888889 0.4931129476584022 0.3861111111111111 0.3085399449035813
1 0.22361111111111112 0.8636363636363636 0.21944444444444444 0.20110192837465565
1 0.31805555555555554 0.09504132231404959 0.225 0.18457300275482094
1 0.24444444444444444 0.6542699724517906 0.19444444444444445 0.21212121212121213
1 0.7541666666666667 0.8939393939393939 0.21388888888888888 0.21212121212121213
1 0.8944444444444445 0.12947658402203857 0.2111111111111111 0.19834710743801653