1 0.9472222222222222 0.32231404958677684 0.1 0.2699724517906336
1 0.058333333333333334 0.977961432506887 0.11666666666666667 0.0440771349862259
1 0.9583333333333334 0.8663911845730028 0.07777777777777778 0.2396694214876033
1 0.1388888888888889 0.1046831955922865 0.25 0.209366391184573
0 0.7402777777777778 0.8994490358126722 0.08611111111111111 0.06887052341597796
1 0.8555555555555555 0.9435261707988981 0.2388888888888889 0.10743801652892562
1 0.25555555555555554 0.6363636363636364 0.25555555555555554 0.27548209366391185
1 0.1597222222222222 0.29476584022038566 0.26944444444444443 0.18732782369146006
2 0.49444444444444446 0.4986225895316804 0.37222222222222223 0.3526170798898072
1 0.725 0.6487603305785123 0.23333333333333334 0.26170798898071623
1 0.8736111111111111 0.0743801652892562 0.24722222222222223 0.1487603305785124
1 0.5027777777777778 0.7672176308539945 0.26666666666666666 0.2396694214876033
1 0.11944444444444445 0.4628099173553719 0.2388888888888889 0.209366391184573
1 0.34305555555555556 0.09917355371900827 0.23055555555555557 0.1928374655647383
1 0.49027777777777776 0.24517906336088155 0.30833333333333335 0.19834710743801653
1 0.5833333333333334 0.09090909090909091 0.24444444444444444 0.1763085399449036
1 0.30277777777777776 0.90633608815427 0.23333333333333334 0.18732782369146006
1 0.7930555555555555 0.2630853994490358 0.225 0.23415977961432508