1 0.9430555555555555 0.325068870523416 0.11388888888888889 0.1487603305785124
1 0.41388888888888886 0.15977961432506887 0.26666666666666666 0.18181818181818182
1 0.6791666666666667 0.3925619834710744 0.25277777777777777 0.21763085399449036
1 0.8986111111111111 0.4132231404958678 0.20277777777777778 0.325068870523416
1 0.5861111111111111 0.9614325068870524 0.25555555555555554 0.07162534435261708
1 0.8805555555555555 0.6253443526170799 0.2388888888888889 0.23140495867768596
1 0.32916666666666666 0.7575757575757576 0.24722222222222223 0.24242424242424243
1 0.6277777777777778 0.03994490358126722 0.29444444444444445 0.07988980716253444
1 0.14027777777777778 0.9793388429752066 0.23055555555555557 0.04132231404958678
0 0.8902777777777777 0.4214876033057851 0.10833333333333334 0.1046831955922865
1 0.9402777777777778 0.16942148760330578 0.11388888888888889 0.2066115702479339
2 0.49722222222222223 0.5055096418732782 0.3277777777777778 0.3333333333333333
1 0.40555555555555556 0.07162534435261708 0.24444444444444444 0.14325068870523416
1 0.19166666666666668 0.7148760330578512 0.23333333333333334 0.24517906336088155
1 0.29444444444444445 0.3071625344352617 0.26666666666666666 0.2066115702479339
1 0.46944444444444444 0.9214876033057852 0.23333333333333334 0.15702479338842976
1 0.85 0.07300275482093664 0.2 0.14600550964187328
1 0.6208333333333333 0.21212121212121213 0.19722222222222222 0.1928374655647383