1 0.05138888888888889 0.07713498622589532 0.10277777777777777 0.15426997245179064
1 0.5888888888888889 0.07024793388429752 0.22777777777777777 0.14049586776859505
1 0.07361111111111111 0.7658402203856749 0.14722222222222223 0.24242424242424243
1 0.7652777777777777 0.08677685950413223 0.24166666666666667 0.16804407713498623
1 0.2763888888888889 0.3402203856749311 0.21944444444444444 0.21212121212121213
2 0.5027777777777778 0.4972451790633609 0.3055555555555556 0.32231404958677684
1 0.37777777777777777 0.940771349862259 0.24444444444444444 0.11294765840220386
1 0.8902777777777777 0.19421487603305784 0.21388888888888888 0.21212121212121213
1 0.6430555555555556 0.8126721763085399 0.2361111111111111 0.24793388429752067
1 0.8319444444444445 0.3939393939393939 0.2916666666666667 0.21487603305785125
1 0.32916666666666666 0.7892561983471075 0.2361111111111111 0.19559228650137742