1 0.9166666666666666 0.43388429752066116 0.16666666666666666 0.2892561983471074
1 0.17083333333333334 0.8347107438016529 0.33611111111111114 0.3085399449035813
1 0.4013888888888889 0.9862258953168044 0.225 0.027548209366391185
1 0.15694444444444444 0.015151515151515152 0.18611111111111112 0.030303030303030304
1 0.07083333333333333 0.0881542699724518 0.14166666666666666 0.1652892561983471
1 0.8333333333333334 0.17355371900826447 0.2388888888888889 0.23140495867768596
2 0.5013888888888889 0.4972451790633609 0.2972222222222222 0.2727272727272727
1 0.10416666666666667 0.4393939393939394 0.20833333333333334 0.256198347107438
1 0.8694444444444445 0.31955922865013775 0.25555555555555554 0.21487603305785125
1 0.5833333333333334 0.7424242424242424 0.25555555555555554 0.22865013774104684
1 0.6513888888888889 0.2796143250688705 0.225 0.20110192837465565