1 0.9833333333333333 0.19008264462809918 0.03333333333333333 0.21487603305785125
1 0.9611111111111111 0.5068870523415978 0.07222222222222222 0.23140495867768596
1 0.15833333333333333 0.8250688705234159 0.14444444444444443 0.162534435261708
2 0.49583333333333335 0.5082644628099173 0.4083333333333333 0.3608815426997245
1 0.16111111111111112 0.8264462809917356 0.2722222222222222 0.29201101928374656
1 0.9083333333333333 0.05234159779614325 0.17777777777777778 0.1046831955922865
1 0.26666666666666666 0.11432506887052342 0.26666666666666666 0.22865013774104684
1 0.8208333333333333 0.46143250688705234 0.225 0.2231404958677686
1 0.6347222222222222 0.20385674931129477 0.23055555555555557 0.2534435261707989
1 0.08888888888888889 0.40633608815426997 0.17777777777777778 0.20110192837465565
1 0.26944444444444443 0.6349862258953168 0.2111111111111111 0.19559228650137742
1 0.8638888888888889 0.26584022038567495 0.2611111111111111 0.21763085399449036
1 0.7333333333333333 0.9256198347107438 0.23333333333333334 0.1487603305785124