1 0.7180555555555556 0.01790633608815427 0.2638888888888889 0.03581267217630854
1 0.0763888888888889 0.5881542699724518 0.1527777777777778 0.25068870523415976
1 0.7458333333333333 0.33608815426997246 0.24722222222222223 0.23140495867768596
1 0.9402777777777778 0.16391184573002754 0.11388888888888889 0.22865013774104684
1 0.5222222222222223 0.9600550964187328 0.2222222222222222 0.07988980716253444
1 0.2513888888888889 0.5537190082644629 0.21944444444444444 0.24793388429752067
2 0.5 0.4972451790633609 0.35 0.3333333333333333
1 0.5708333333333333 0.7589531680440771 0.26944444444444443 0.24517906336088155
1 0.2916666666666667 0.0674931129476584 0.26666666666666666 0.12947658402203857
1 0.22777777777777777 0.9297520661157025 0.2611111111111111 0.1349862258953168
1 0.8722222222222222 0.7878787878787878 0.21666666666666667 0.22038567493112948
1 0.15694444444444444 0.3526170798898072 0.2861111111111111 0.24242424242424243
1 0.7819444444444444 0.21763085399449036 0.21388888888888888 0.21487603305785125
1 0.8958333333333334 0.48484848484848486 0.20277777777777778 0.23140495867768596
1 0.11388888888888889 0.13774104683195593 0.2222222222222222 0.21487603305785125