1 0.19444444444444445 0.013774104683195593 0.2222222222222222 0.027548209366391185
1 0.9722222222222222 0.6184573002754821 0.05 0.21212121212121213
1 0.04861111111111111 0.6749311294765841 0.09722222222222222 0.18732782369146006
1 0.3194444444444444 0.9820936639118457 0.2388888888888889 0.030303030303030304
1 0.7958333333333333 0.03168044077134986 0.24722222222222223 0.06336088154269973
1 0.1361111111111111 0.8223140495867769 0.25 0.2231404958677686
1 0.5555555555555556 0.03994490358126722 0.2388888888888889 0.07988980716253444
2 0.49722222222222223 0.5 0.31666666666666665 0.3278236914600551
1 0.8111111111111111 0.9573002754820936 0.22777777777777777 0.08539944903581267
1 0.25 0.7231404958677686 0.19444444444444445 0.2396694214876033
1 0.7263888888888889 0.371900826446281 0.23055555555555557 0.22589531680440772
1 0.8972222222222223 0.12121212121212122 0.2 0.20385674931129477
1 0.9013888888888889 0.8057851239669421 0.19166666666666668 0.23415977961432508
1 0.45694444444444443 0.7617079889807162 0.21944444444444444 0.24517906336088155
1 0.5888888888888889 0.9228650137741047 0.2222222222222222 0.15426997245179064
1 0.30833333333333335 0.23002754820936638 0.23333333333333334 0.22865013774104684
1 0.675 0.7575757575757576 0.2111111111111111 0.22038567493112948
1 0.6083333333333333 0.18044077134986225 0.23333333333333334 0.19559228650137742
1 0.12916666666666668 0.40633608815426997 0.2361111111111111 0.21763085399449036
1 0.9166666666666666 0.3347107438016529 0.16111111111111112 0.22865013774104684