1 0.058333333333333334 0.2699724517906336 0.1111111111111111 0.24793388429752067
1 0.9375 0.9159779614325069 0.125 0.162534435261708
2 0.49722222222222223 0.49586776859504134 0.35555555555555557 0.3415977961432507
1 0.3972222222222222 0.19559228650137742 0.21666666666666667 0.23140495867768596
1 0.8680555555555556 0.05922865013774105 0.25277777777777777 0.1184573002754821
1 0.675 0.2024793388429752 0.26666666666666666 0.2396694214876033
1 0.30833333333333335 0.8429752066115702 0.22777777777777777 0.2534435261707989
1 0.1125 0.8856749311294766 0.21944444444444444 0.22865013774104684
1 0.8888888888888888 0.7410468319559229 0.21666666666666667 0.24242424242424243
1 0.2361111111111111 0.349862258953168 0.2388888888888889 0.22038567493112948
1 0.7722222222222223 0.5564738292011019 0.23333333333333334 0.2369146005509642
1 0.8944444444444445 0.22176308539944903 0.2111111111111111 0.22865013774104684
1 0.7305555555555555 0.9242424242424242 0.2111111111111111 0.15151515151515152
1 0.6736111111111112 0.7382920110192838 0.2361111111111111 0.20385674931129477
1 0.18472222222222223 0.6652892561983471 0.2361111111111111 0.22865013774104684
1 0.08194444444444444 0.48622589531680444 0.1638888888888889 0.2231404958677686
1 0.4708333333333333 0.9256198347107438 0.21388888888888888 0.1487603305785124