1 0.3527777777777778 0.19421487603305784 0.23333333333333334 0.19559228650137742
1 0.19166666666666668 0.3209366391184573 0.2833333333333333 0.2892561983471074
1 0.8541666666666666 0.0371900826446281 0.24166666666666667 0.0743801652892562
1 0.1625 0.5330578512396694 0.2916666666666667 0.23415977961432508
1 0.3402777777777778 0.9641873278236914 0.30833333333333335 0.07162534435261708
1 0.5847222222222223 0.18457300275482094 0.2638888888888889 0.24242424242424243
1 0.09722222222222222 0.9641873278236914 0.18888888888888888 0.07162534435261708
1 0.0875 0.11707988980716254 0.175 0.22865013774104684
1 0.7944444444444444 0.15151515151515152 0.2222222222222222 0.24793388429752067
1 0.8875 0.7975206611570248 0.21944444444444444 0.24517906336088155
2 0.5013888888888889 0.49449035812672176 0.2972222222222222 0.29476584022038566