1 0.9513888888888888 0.07024793388429752 0.09722222222222222 0.1349862258953168
1 0.08194444444444444 0.0440771349862259 0.1638888888888889 0.0881542699724518
1 0.09166666666666666 0.9655647382920111 0.18333333333333332 0.06887052341597796
1 0.9125 0.8898071625344353 0.175 0.1763085399449036
1 0.8958333333333334 0.3168044077134986 0.20277777777777778 0.19834710743801653
1 0.12361111111111112 0.662534435261708 0.23055555555555557 0.20110192837465565
2 0.5041666666666667 0.5041322314049587 0.325 0.31955922865013775
1 0.5527777777777778 0.2630853994490358 0.23333333333333334 0.20110192837465565
1 0.33055555555555555 0.6818181818181818 0.22777777777777777 0.25068870523415976
1 0.325 0.3236914600550964 0.2722222222222222 0.2231404958677686
1 0.44305555555555554 0.8278236914600551 0.225 0.19559228650137742
1 0.8944444444444445 0.6928374655647382 0.20555555555555555 0.21212121212121213
1 0.4375 0.13636363636363635 0.21944444444444444 0.20110192837465565
1 0.7388888888888889 0.12396694214876033 0.2 0.24242424242424243
1 0.23055555555555557 0.8774104683195593 0.25 0.2231404958677686
1 0.20416666666666666 0.1322314049586777 0.2861111111111111 0.25895316804407714