0 0.03194444444444444 0.9834710743801653 0.06388888888888888 0.03305785123966942
1 0.9569444444444445 0.11570247933884298 0.075 0.23140495867768596
1 0.9486111111111111 0.32231404958677684 0.09722222222222222 0.24793388429752067
1 0.5069444444444444 0.9862258953168044 0.21388888888888888 0.027548209366391185
0 0.013888888888888888 0.803030303030303 0.027777777777777776 0.09090909090909091
1 0.8444444444444444 0.9820936639118457 0.23333333333333334 0.03581267217630854
1 0.8138888888888889 0.03581267217630854 0.3111111111111111 0.07162534435261708
1 0.14444444444444443 0.05785123966942149 0.2777777777777778 0.11570247933884298
1 0.6472222222222223 0.6666666666666666 0.22777777777777777 0.22589531680440772
1 0.15138888888888888 0.256198347107438 0.275 0.2865013774104683
2 0.5041666666666667 0.49586776859504134 0.25833333333333336 0.30303030303030304
1 0.3486111111111111 0.8856749311294766 0.225 0.2231404958677686
0 0.030555555555555555 0.662534435261708 0.06111111111111111 0.08539944903581267
1 0.4986111111111111 0.10881542699724518 0.24166666666666667 0.21212121212121213
1 0.13333333333333333 0.8732782369146006 0.25 0.22589531680440772
1 0.8847222222222222 0.5853994490358126 0.225 0.19559228650137742