1 0.9458333333333333 0.11983471074380166 0.10277777777777777 0.2396694214876033
1 0.7486111111111111 0.9848484848484849 0.24166666666666667 0.024793388429752067
1 0.06666666666666667 0.5358126721763086 0.13333333333333333 0.2837465564738292
1 0.9305555555555556 0.3319559228650138 0.13333333333333333 0.23415977961432508
1 0.8361111111111111 0.162534435261708 0.2777777777777778 0.2369146005509642
1 0.07777777777777778 0.04132231404958678 0.15555555555555556 0.08264462809917356
1 0.8027777777777778 0.028925619834710745 0.28888888888888886 0.05785123966942149
1 0.9013888888888889 0.8815426997245179 0.19722222222222222 0.2369146005509642
1 0.24027777777777778 0.07575757575757576 0.28055555555555556 0.14600550964187328
2 0.49722222222222223 0.5041322314049587 0.40555555555555556 0.3856749311294766
1 0.7180555555555556 0.3319559228650138 0.28055555555555556 0.22865013774104684
1 0.825 0.7493112947658402 0.2777777777777778 0.22589531680440772
1 0.2611111111111111 0.6308539944903582 0.2777777777777778 0.30303030303030304
1 0.07777777777777778 0.2630853994490358 0.15555555555555556 0.2396694214876033
1 0.5027777777777778 0.8512396694214877 0.25555555555555554 0.2699724517906336
1 0.5319444444444444 0.12258953168044077 0.25833333333333336 0.24517906336088155
1 0.775 0.5550964187327824 0.25 0.23415977961432508
1 0.08055555555555556 0.8567493112947658 0.16111111111111112 0.25895316804407714
1 0.18888888888888888 0.4049586776859504 0.2388888888888889 0.23140495867768596