1 0.13472222222222222 0.023415977961432508 0.23055555555555557 0.046831955922865015
0 0.2875 0.7369146005509641 0.10277777777777777 0.09641873278236915
1 0.41388888888888886 0.7727272727272727 0.24444444444444444 0.23415977961432508
1 0.08055555555555556 0.174931129476584 0.16111111111111112 0.26170798898071623
1 0.12638888888888888 0.7892561983471075 0.25277777777777777 0.22865013774104684
2 0.49722222222222223 0.49449035812672176 0.39444444444444443 0.3884297520661157
1 0.3277777777777778 0.9380165289256198 0.2388888888888889 0.1184573002754821
1 0.6458333333333334 0.8099173553719008 0.2361111111111111 0.21487603305785125
1 0.20416666666666666 0.4820936639118457 0.23055555555555557 0.22589531680440772
1 0.8791666666666667 0.4325068870523416 0.2361111111111111 0.2369146005509642
1 0.7694444444444445 0.6143250688705234 0.2388888888888889 0.22038567493112948
1 0.3347222222222222 0.1418732782369146 0.24722222222222223 0.22865013774104684
1 0.875 0.9201101928374655 0.25 0.15977961432506887
1 0.8930555555555556 0.20385674931129477 0.21388888888888888 0.21487603305785125