1 0.043055555555555555 0.7148760330578512 0.08055555555555556 0.22865013774104684
1 0.9819444444444444 0.39118457300275483 0.03611111111111111 0.22589531680440772
1 0.9416666666666667 0.9848484848484849 0.11666666666666667 0.030303030303030304
1 0.175 0.9517906336088154 0.2111111111111111 0.09641873278236915
1 0.06805555555555555 0.07162534435261708 0.1361111111111111 0.14325068870523416
1 0.7777777777777778 0.42699724517906334 0.24444444444444444 0.21487603305785125
1 0.9291666666666667 0.1115702479338843 0.1361111111111111 0.21763085399449036
1 0.5666666666666667 0.06336088154269973 0.2111111111111111 0.12672176308539945
2 0.49583333333333335 0.4972451790633609 0.3527777777777778 0.35537190082644626
1 0.3125 0.07300275482093664 0.24166666666666667 0.14600550964187328
1 0.9027777777777778 0.8471074380165289 0.18888888888888888 0.23415977961432508
1 0.42777777777777776 0.7672176308539945 0.2222222222222222 0.21763085399449036
1 0.16111111111111112 0.19972451790633608 0.2222222222222222 0.21212121212121213
1 0.1111111111111111 0.5413223140495868 0.21666666666666667 0.2396694214876033
1 0.9013888888888889 0.5798898071625345 0.19722222222222222 0.256198347107438
1 0.32916666666666666 0.918732782369146 0.21944444444444444 0.162534435261708
1 0.6902777777777778 0.2644628099173554 0.24166666666666667 0.22038567493112948