1 0.9666666666666667 0.581267217630854 0.06111111111111111 0.2699724517906336
1 0.9194444444444444 0.09090909090909091 0.16111111111111112 0.1763085399449036
1 0.6819444444444445 0.04132231404958678 0.24722222222222223 0.08264462809917356
1 0.2 0.45867768595041325 0.24444444444444444 0.2396694214876033
2 0.5013888888888889 0.509641873278237 0.4027777777777778 0.4132231404958678
1 0.8194444444444444 0.4696969696969697 0.2833333333333333 0.24517906336088155
1 0.075 0.8250688705234159 0.15 0.24517906336088155
1 0.1638888888888889 0.128099173553719 0.2388888888888889 0.22865013774104684
1 0.7611111111111111 0.25757575757575757 0.21666666666666667 0.23415977961432508
1 0.5402777777777777 0.1584022038567493 0.25833333333333336 0.2231404958677686
1 0.9208333333333333 0.8278236914600551 0.1527777777777778 0.2396694214876033
1 0.20416666666666666 0.6088154269972452 0.2638888888888889 0.209366391184573
1 0.2777777777777778 0.8526170798898072 0.2722222222222222 0.2892561983471074
1 0.5208333333333334 0.8760330578512396 0.2361111111111111 0.24242424242424243