1 0.9611111111111111 0.8966942148760331 0.07777777777777778 0.2066115702479339
1 0.16527777777777777 0.03443526170798898 0.2638888888888889 0.06887052341597796
1 0.7361111111111112 0.5358126721763086 0.2 0.32231404958677684
1 0.06666666666666667 0.6377410468319559 0.13333333333333333 0.29476584022038566
1 0.9041666666666667 0.13636363636363635 0.18611111111111112 0.26170798898071623
1 0.30972222222222223 0.10192837465564739 0.25833333333333336 0.19834710743801653
1 0.6416666666666667 0.9421487603305785 0.23333333333333334 0.11570247933884298
1 0.7027777777777777 0.10743801652892562 0.24444444444444444 0.21487603305785125
1 0.9 0.509641873278237 0.18888888888888888 0.2699724517906336
1 0.4013888888888889 0.9159779614325069 0.25277777777777777 0.16804407713498623
1 0.4583333333333333 0.24793388429752067 0.24444444444444444 0.21487603305785125
2 0.49722222222222223 0.49449035812672176 0.36666666666666664 0.3278236914600551
1 0.8263888888888888 0.849862258953168 0.24166666666666667 0.2231404958677686
1 0.2361111111111111 0.7121212121212122 0.2777777777777778 0.24517906336088155
1 0.1388888888888889 0.23829201101928374 0.25 0.24517906336088155
1 0.5069444444444444 0.7617079889807162 0.24166666666666667 0.22865013774104684
1 0.1625 0.9077134986225895 0.25277777777777777 0.18457300275482094