1 0.7555555555555555 0.9765840220385675 0.24444444444444444 0.046831955922865015
1 0.9513888888888888 0.21074380165289255 0.09166666666666666 0.21212121212121213
1 0.7625 0.49586776859504134 0.24722222222222223 0.22038567493112948
1 0.9180555555555555 0.9490358126721763 0.15833333333333333 0.10192837465564739
0 0.6847222222222222 0.24793388429752067 0.09722222222222222 0.09366391184573003
1 0.075 0.046831955922865015 0.15 0.09366391184573003
1 0.07222222222222222 0.6611570247933884 0.14444444444444443 0.23140495867768596
1 0.9027777777777778 0.6639118457300276 0.18888888888888888 0.24793388429752067
1 0.9138888888888889 0.05647382920110193 0.16666666666666666 0.11294765840220386
1 0.2652777777777778 0.0371900826446281 0.24722222222222223 0.0743801652892562
1 0.07083333333333333 0.44490358126721763 0.14166666666666666 0.2066115702479339
1 0.5097222222222222 0.07024793388429752 0.2638888888888889 0.14049586776859505
1 0.06666666666666667 0.2396694214876033 0.13333333333333333 0.22038567493112948
1 0.8027777777777778 0.174931129476584 0.23333333333333334 0.23415977961432508
1 0.8194444444444444 0.8140495867768595 0.21666666666666667 0.21212121212121213
1 0.6138888888888889 0.9049586776859504 0.2388888888888889 0.18457300275482094
1 0.6527777777777778 0.6887052341597796 0.21666666666666667 0.209366391184573
1 0.43472222222222223 0.7575757575757576 0.225 0.22038567493112948
1 0.3611111111111111 0.19146005509641872 0.2111111111111111 0.21763085399449036
1 0.1986111111111111 0.7741046831955923 0.225 0.209366391184573
2 0.4888888888888889 0.4972451790633609 0.3611111111111111 0.3278236914600551
1 0.30694444444444446 0.9090909090909091 0.25277777777777777 0.1763085399449036
1 0.20555555555555555 0.3333333333333333 0.20555555555555555 0.2369146005509642