1 0.8916666666666667 0.5247933884297521 0.2111111111111111 0.256198347107438
2 0.32916666666666666 0.16115702479338842 0.48055555555555557 0.32231404958677684
1 0.9152777777777777 0.08953168044077135 0.16944444444444445 0.1790633608815427
1 0.9486111111111111 0.9159779614325069 0.09722222222222222 0.162534435261708
2 0.49444444444444446 0.5068870523415978 0.34444444444444444 0.3140495867768595
1 0.17083333333333334 0.9380165289256198 0.24166666666666667 0.1184573002754821
1 0.4847222222222222 0.05509641873278237 0.28055555555555556 0.11019283746556474
1 0.7763888888888889 0.5385674931129476 0.2361111111111111 0.21763085399449036
1 0.07777777777777778 0.7713498622589532 0.15555555555555556 0.23140495867768596
1 0.6930555555555555 0.7630853994490359 0.24722222222222223 0.23140495867768596
1 0.8152777777777778 0.19146005509641872 0.2638888888888889 0.21763085399449036