1 0.9805555555555555 0.7920110192837465 0.03888888888888889 0.17355371900826447
1 0.9597222222222223 0.9517906336088154 0.08055555555555556 0.09641873278236915
1 0.05416666666666667 0.8622589531680441 0.10833333333333334 0.25895316804407714
1 0.3 0.9848484848484849 0.22777777777777777 0.030303030303030304
2 0.4986111111111111 0.49586776859504134 0.33611111111111114 0.3085399449035813
1 0.6277777777777778 0.046831955922865015 0.25 0.09366391184573003
1 0.39166666666666666 0.03305785123966942 0.22777777777777777 0.06611570247933884
1 0.8791666666666667 0.0674931129476584 0.2361111111111111 0.12947658402203857
1 0.48333333333333334 0.1652892561983471 0.23333333333333334 0.22589531680440772
1 0.2791666666666667 0.7892561983471075 0.25277777777777777 0.24517906336088155
1 0.8638888888888889 0.48622589531680444 0.24444444444444444 0.21763085399449036
1 0.7291666666666666 0.6542699724517906 0.20277777777777778 0.22865013774104684
1 0.2388888888888889 0.559228650137741 0.23333333333333334 0.21487603305785125
1 0.7986111111111112 0.9325068870523416 0.2361111111111111 0.1349862258953168
1 0.7652777777777777 0.21074380165289255 0.21944444444444444 0.2066115702479339
1 0.23333333333333334 0.11707988980716254 0.2388888888888889 0.22865013774104684
1 0.2777777777777778 0.33884297520661155 0.22777777777777777 0.209366391184573
1 0.625 0.859504132231405 0.2388888888888889 0.22038567493112948
1 0.08888888888888889 0.418732782369146 0.17777777777777778 0.209366391184573