1 0.6194444444444445 0.9862258953168044 0.2222222222222222 0.027548209366391185
1 0.7 0.6639118457300276 0.24444444444444444 0.24242424242424243
1 0.31527777777777777 0.027548209366391185 0.24166666666666667 0.05509641873278237
1 0.6805555555555556 0.09779614325068871 0.22777777777777777 0.18457300275482094
1 0.7708333333333334 0.23140495867768596 0.275 0.25895316804407714
1 0.7305555555555555 0.8209366391184573 0.2611111111111111 0.2369146005509642
1 0.49166666666666664 0.8278236914600551 0.2222222222222222 0.24517906336088155
1 0.2013888888888889 0.2534435261707989 0.25277777777777777 0.24793388429752067
1 0.17777777777777778 0.4834710743801653 0.26666666666666666 0.2396694214876033
1 0.49027777777777776 0.08677685950413223 0.23055555555555557 0.16804407713498623
1 0.8180555555555555 0.46005509641873277 0.25277777777777777 0.22589531680440772
2 0.49166666666666664 0.5385674931129476 0.3277777777777778 0.3168044077134986
1 0.32083333333333336 0.9159779614325069 0.25277777777777777 0.16804407713498623