1 0.8483606557377049 0.13685636856368563 0.2923497267759563 0.27371273712737126
1 0.9685792349726776 0.4268292682926829 0.05737704918032787 0.23577235772357724
1 0.10655737704918032 0.07859078590785908 0.21311475409836064 0.15718157181571815
1 0.907103825136612 0.3712737127371274 0.17486338797814208 0.20596205962059622
1 0.04371584699453552 0.9281842818428184 0.08743169398907104 0.13821138211382114
1 0.25956284153005466 0.9823848238482384 0.2185792349726776 0.03523035230352303
1 0.8674863387978142 0.7100271002710027 0.1885245901639344 0.20596205962059622
1 0.7923497267759563 0.2967479674796748 0.25136612021857924 0.22493224932249323
1 0.9262295081967213 0.15853658536585366 0.14207650273224043 0.23577235772357724
1 0.8333333333333334 0.04742547425474255 0.20765027322404372 0.0948509485094851
2 0.4931693989071038 0.4905149051490515 0.36885245901639346 0.33604336043360433
1 0.76775956284153 0.508130081300813 0.22950819672131148 0.2086720867208672
1 0.21721311475409835 0.518970189701897 0.1994535519125683 0.22493224932249323
1 0.4412568306010929 0.7520325203252033 0.22131147540983606 0.2140921409214092
1 0.6407103825136612 0.08807588075880758 0.2103825136612022 0.17073170731707318
1 0.1051912568306011 0.16802168021680217 0.2103825136612022 0.20596205962059622
1 0.7418032786885246 0.7046070460704607 0.226775956284153 0.21138211382113822
1 0.9166666666666666 0.8983739837398373 0.16120218579234974 0.2032520325203252
1 0.33879781420765026 0.13821138211382114 0.21311475409836064 0.21680216802168023
1 0.14207650273224043 0.8102981029810298 0.19672131147540983 0.21138211382113822
1 0.5669398907103825 0.9146341463414634 0.25956284153005466 0.17073170731707318
1 0.10109289617486339 0.3712737127371274 0.20218579234972678 0.1951219512195122