1 0.4111111111111111 0.7286501377410468 0.2833333333333333 0.22865013774104684
1 0.2569444444444444 0.6418732782369146 0.225 0.24242424242424243
1 0.325 0.9641873278236914 0.2388888888888889 0.07162534435261708
1 0.15138888888888888 0.11294765840220386 0.2861111111111111 0.22038567493112948
1 0.41805555555555557 0.10743801652892562 0.2916666666666667 0.209366391184573
1 0.07222222222222222 0.6515151515151515 0.14444444444444443 0.2892561983471074
2 0.5 0.4986225895316804 0.35555555555555557 0.3305785123966942
1 0.7625 0.07162534435261708 0.275 0.14325068870523416
1 0.9069444444444444 0.6790633608815427 0.18055555555555555 0.25068870523415976
1 0.8 0.453168044077135 0.24444444444444444 0.2231404958677686
1 0.7902777777777777 0.8278236914600551 0.225 0.23415977961432508
1 0.5638888888888889 0.8705234159779615 0.25555555555555554 0.25895316804407714
1 0.2222222222222222 0.41046831955922863 0.25 0.21487603305785125