1 0.9152777777777777 0.977961432506887 0.16944444444444445 0.0440771349862259
1 0.8736111111111111 0.9228650137741047 0.20833333333333334 0.1487603305785124
1 0.6611111111111111 0.1349862258953168 0.24444444444444444 0.24242424242424243
1 0.38472222222222224 0.6845730027548209 0.33611111111111114 0.256198347107438
1 0.7180555555555556 0.9641873278236914 0.225 0.07162534435261708
1 0.7458333333333333 0.4793388429752066 0.24166666666666667 0.19834710743801653
1 0.08888888888888889 0.4986225895316804 0.17777777777777778 0.2369146005509642
1 0.6625 0.6611570247933884 0.24722222222222223 0.209366391184573
1 0.9013888888888889 0.29201101928374656 0.18611111111111112 0.24242424242424243
1 0.36527777777777776 0.8994490358126722 0.3194444444444444 0.19559228650137742
1 0.11527777777777778 0.27823691460055094 0.225 0.21487603305785125
1 0.27361111111111114 0.43388429752066116 0.20833333333333334 0.26170798898071623
2 0.5041666666666667 0.49586776859504134 0.2916666666666667 0.2865013774104683