1 0.6458333333333334 0.953168044077135 0.325 0.0881542699724518
1 0.5833333333333334 0.027548209366391185 0.2722222222222222 0.05509641873278237
1 0.9416666666666667 0.44077134986225897 0.1111111111111111 0.2809917355371901
1 0.3472222222222222 0.9696969696969697 0.23333333333333334 0.06060606060606061
2 0.47638888888888886 0.4972451790633609 0.41388888888888886 0.36639118457300274
1 0.08055555555555556 0.08402203856749312 0.16111111111111112 0.16804407713498623
1 0.2902777777777778 0.045454545454545456 0.275 0.09090909090909091
1 0.9277777777777778 0.8842975206611571 0.14444444444444443 0.23140495867768596
1 0.7777777777777778 0.45454545454545453 0.22777777777777777 0.209366391184573
1 0.725 0.7658402203856749 0.2222222222222222 0.209366391184573
1 0.17222222222222222 0.571625344352617 0.25555555555555554 0.2231404958677686
1 0.7555555555555555 0.09366391184573003 0.29444444444444445 0.18181818181818182
1 0.4652777777777778 0.7672176308539945 0.28055555555555556 0.21212121212121213
1 0.12777777777777777 0.9146005509641874 0.25 0.17079889807162535
1 0.15555555555555556 0.3333333333333333 0.20555555555555555 0.24242424242424243
1 0.6513888888888889 0.2713498622589532 0.24166666666666667 0.20110192837465565