1 0.04027777777777778 0.47796143250688705 0.08055555555555556 0.256198347107438
1 0.9722222222222222 0.5922865013774105 0.05 0.22038567493112948
1 0.9444444444444444 0.12672176308539945 0.1111111111111111 0.24242424242424243
0 0.7569444444444444 0.19696969696969696 0.14722222222222223 0.1349862258953168
2 0.7527777777777778 0.1928374655647383 0.14444444444444443 0.1322314049586777
0 0.6138888888888889 0.08953168044077135 0.09444444444444444 0.09641873278236915
1 0.21388888888888888 0.05096418732782369 0.25 0.10192837465564739
0 0.8916666666666667 0.04132231404958678 0.08888888888888889 0.07713498622589532
1 0.2013888888888889 0.5055096418732782 0.2638888888888889 0.26170798898071623
1 0.6013888888888889 0.26584022038567495 0.21944444444444444 0.25068870523415976
1 0.4111111111111111 0.7134986225895317 0.25555555555555554 0.2369146005509642
1 0.8986111111111111 0.9256198347107438 0.19722222222222222 0.1487603305785124
1 0.8708333333333333 0.3278236914600551 0.24166666666666667 0.2369146005509642
1 0.28055555555555556 0.21487603305785125 0.23333333333333334 0.23140495867768596
1 0.12222222222222222 0.7975206611570248 0.23333333333333334 0.25068870523415976
1 0.7430555555555556 0.6253443526170799 0.24722222222222223 0.2369146005509642
1 0.6236111111111111 0.8347107438016529 0.275 0.2809917355371901
2 0.4986111111111111 0.5234159779614325 0.25833333333333336 0.2534435261707989
1 0.08611111111111111 0.16942148760330578 0.17222222222222222 0.23415977961432508