1 0.9625 0.6418732782369146 0.06944444444444445 0.22589531680440772
1 0.9569444444444445 0.9228650137741047 0.08055555555555556 0.15426997245179064
1 0.5819444444444445 0.8898071625344353 0.20833333333333334 0.209366391184573
1 0.23472222222222222 0.2369146005509642 0.19722222222222222 0.24793388429752067
1 0.9430555555555555 0.3415977961432507 0.11388888888888889 0.1928374655647383
1 0.19444444444444445 0.11432506887052342 0.24444444444444444 0.2066115702479339
1 0.08472222222222223 0.349862258953168 0.1638888888888889 0.22038567493112948
1 0.31527777777777777 0.7203856749311295 0.21388888888888888 0.2066115702479339
2 0.49722222222222223 0.49449035812672176 0.37222222222222223 0.35537190082644626
1 0.8361111111111111 0.8154269972451791 0.21666666666666667 0.2369146005509642
1 0.6902777777777778 0.6831955922865014 0.21388888888888888 0.209366391184573
1 0.7680555555555556 0.3415977961432507 0.20277777777777778 0.209366391184573
1 0.17083333333333334 0.9022038567493113 0.225 0.19559228650137742
1 0.46805555555555556 0.20110192837465565 0.20833333333333334 0.22038567493112948
1 0.11805555555555555 0.6887052341597796 0.21388888888888888 0.22038567493112948