1 0.8430555555555556 0.013774104683195593 0.2916666666666667 0.027548209366391185
1 0.39166666666666666 0.01652892561983471 0.2388888888888889 0.03305785123966942
1 0.49722222222222223 0.8250688705234159 0.20555555555555555 0.2837465564738292
1 0.07222222222222222 0.0440771349862259 0.14444444444444443 0.0881542699724518
1 0.3013888888888889 0.32920110192837465 0.3138888888888889 0.29476584022038566
1 0.45 0.18732782369146006 0.24444444444444444 0.2534435261707989
1 0.10277777777777777 0.778236914600551 0.20555555555555555 0.24517906336088155
1 0.30416666666666664 0.9366391184573003 0.275 0.12121212121212122
1 0.8958333333333334 0.568870523415978 0.20277777777777778 0.256198347107438
1 0.6138888888888889 0.0881542699724518 0.25555555555555554 0.1763085399449036
1 0.6791666666666667 0.7823691460055097 0.21388888888888888 0.2369146005509642
1 0.11666666666666667 0.21074380165289255 0.23333333333333334 0.256198347107438
1 0.9152777777777777 0.12121212121212122 0.1638888888888889 0.2369146005509642
2 0.5 0.5165289256198347 0.4 0.4049586776859504
1 0.875 0.8925619834710744 0.2388888888888889 0.21487603305785125
1 0.30972222222222223 0.7548209366391184 0.21944444444444444 0.24793388429752067