1 0.42916666666666664 0.8402203856749312 0.26944444444444443 0.24793388429752067
1 0.9013888888888889 0.9820936639118457 0.19722222222222222 0.030303030303030304
1 0.8152777777777778 0.3691460055096419 0.21944444444444444 0.209366391184573
1 0.16111111111111112 0.5041322314049587 0.21666666666666667 0.2369146005509642
1 0.24861111111111112 0.4049586776859504 0.225 0.22038567493112948
1 0.0763888888888889 0.8939393939393939 0.1527777777777778 0.2066115702479339
1 0.9236111111111112 0.33884297520661155 0.1527777777777778 0.2369146005509642
1 0.5875 0.7396694214876033 0.25833333333333336 0.2231404958677686
1 0.4513888888888889 0.03443526170798898 0.2361111111111111 0.06887052341597796
1 0.8777777777777778 0.09366391184573003 0.2388888888888889 0.18181818181818182
1 0.21388888888888888 0.0743801652892562 0.26666666666666666 0.1487603305785124
2 0.4986111111111111 0.4972451790633609 0.3527777777777778 0.29476584022038566
1 0.09166666666666666 0.6088154269972452 0.18333333333333332 0.209366391184573
1 0.1125 0.19559228650137742 0.21944444444444444 0.23140495867768596
1 0.5819444444444445 0.1184573002754821 0.24722222222222223 0.209366391184573
1 0.8166666666666667 0.8292011019283747 0.25555555555555554 0.2534435261707989
1 0.275 0.9297520661157025 0.24444444444444444 0.14049586776859505
1 0.18611111111111112 0.7672176308539945 0.25 0.2231404958677686
1 0.8694444444444445 0.6060606060606061 0.2111111111111111 0.20385674931129477
1 0.5305555555555556 0.27823691460055094 0.23333333333333334 0.18732782369146006
1 0.3347222222222222 0.2024793388429752 0.24166666666666667 0.21763085399449036