1 0.4222222222222222 0.7451790633608816 0.2388888888888889 0.2066115702479339
1 0.21666666666666667 0.06060606060606061 0.34444444444444444 0.12121212121212122
1 0.0763888888888889 0.7878787878787878 0.1527777777777778 0.2534435261707989
1 0.24305555555555555 0.03581267217630854 0.275 0.07162534435261708
1 0.24027777777777778 0.3333333333333333 0.25833333333333336 0.22038567493112948
1 0.5472222222222223 0.10743801652892562 0.2 0.20385674931129477
1 0.07361111111111111 0.40633608815426997 0.14722222222222223 0.22865013774104684
1 0.09166666666666666 0.19972451790633608 0.18333333333333332 0.19008264462809918
2 0.5041666666666667 0.5055096418732782 0.2972222222222222 0.31129476584022037
1 0.34444444444444444 0.21349862258953167 0.23333333333333334 0.2066115702479339
1 0.7097222222222223 0.25757575757575757 0.24722222222222223 0.24517906336088155
1 0.9041666666666667 0.32231404958677684 0.18611111111111112 0.23140495867768596
1 0.5722222222222222 0.9022038567493113 0.24444444444444444 0.19559228650137742
1 0.35694444444444445 0.9077134986225895 0.225 0.18457300275482094
1 0.8916666666666667 0.10881542699724518 0.21666666666666667 0.21212121212121213
1 0.8319444444444445 0.8994490358126722 0.24722222222222223 0.20110192837465565