1 0.041666666666666664 0.9449035812672176 0.08333333333333333 0.11019283746556474
1 0.7930555555555555 0.9862258953168044 0.225 0.027548209366391185
1 0.14305555555555555 0.9752066115702479 0.225 0.049586776859504134
1 0.8708333333333333 0.7741046831955923 0.225 0.209366391184573
1 0.11805555555555555 0.2865013774104683 0.2361111111111111 0.2699724517906336
1 0.95 0.453168044077135 0.1 0.1790633608815427
1 0.09444444444444444 0.026170798898071626 0.18888888888888888 0.05234159779614325
1 0.13333333333333333 0.19008264462809918 0.20555555555555555 0.21487603305785125
1 0.9 0.699724517906336 0.18888888888888888 0.2369146005509642
0 0.6555555555555556 0.9655647382920111 0.08888888888888889 0.06887052341597796
1 0.7152777777777778 0.6597796143250688 0.20277777777777778 0.20110192837465565
2 0.49444444444444446 0.5027548209366391 0.3277777777777778 0.3278236914600551
1 0.34305555555555556 0.3168044077134986 0.21944444444444444 0.23140495867768596
1 0.5722222222222222 0.8209366391184573 0.2388888888888889 0.23140495867768596
1 0.25972222222222224 0.6914600550964187 0.24166666666666667 0.22589531680440772
1 0.39166666666666666 0.14600550964187328 0.3333333333333333 0.2644628099173554
1 0.07916666666666666 0.6639118457300276 0.15833333333333333 0.209366391184573
1 0.8333333333333334 0.1046831955922865 0.21666666666666667 0.20385674931129477
1 0.11805555555555555 0.8526170798898072 0.20833333333333334 0.19559228650137742
1 0.8680555555555556 0.29476584022038566 0.23055555555555557 0.20385674931129477
1 0.6513888888888889 0.29201101928374656 0.23055555555555557 0.20385674931129477
1 0.8097222222222222 0.48622589531680444 0.225 0.21212121212121213