1 0.48055555555555557 0.12947658402203857 0.39444444444444443 0.25895316804407714
1 0.9402777777777778 0.16115702479338842 0.11944444444444445 0.32231404958677684
1 0.05416666666666667 0.8856749311294766 0.10833333333333334 0.22865013774104684
1 0.7291666666666666 0.662534435261708 0.3472222222222222 0.29476584022038566
1 0.9291666666666667 0.9641873278236914 0.14166666666666666 0.07162534435261708
1 0.9347222222222222 0.8044077134986226 0.125 0.25895316804407714
1 0.07916666666666666 0.4559228650137741 0.15833333333333333 0.256198347107438
1 0.2263888888888889 0.5068870523415978 0.225 0.2809917355371901
1 0.45 0.07024793388429752 0.2611111111111111 0.1349862258953168
2 0.5027777777777778 0.5068870523415978 0.39444444444444443 0.39118457300275483
1 0.11666666666666667 0.11983471074380166 0.22777777777777777 0.2396694214876033
1 0.3 0.2369146005509642 0.2722222222222222 0.2809917355371901
1 0.17777777777777778 0.7630853994490359 0.29444444444444445 0.2644628099173554
1 0.7847222222222222 0.08953168044077135 0.25833333333333336 0.17355371900826447
1 0.8597222222222223 0.42699724517906334 0.275 0.2644628099173554
1 0.7472222222222222 0.8939393939393939 0.2833333333333333 0.2066115702479339