1 0.9694444444444444 0.12672176308539945 0.05555555555555555 0.2534435261707989
1 0.6819444444444445 0.32231404958677684 0.23055555555555557 0.2369146005509642
1 0.45 0.25757575757575757 0.25 0.19559228650137742
1 0.9416666666666667 0.8347107438016529 0.1111111111111111 0.2644628099173554
1 0.7861111111111111 0.4366391184573003 0.2388888888888889 0.21763085399449036
0 0.9694444444444444 0.41597796143250687 0.06111111111111111 0.07713498622589532
1 0.8972222222222223 0.9600550964187328 0.2 0.07988980716253444
1 0.3902777777777778 0.162534435261708 0.24722222222222223 0.22589531680440772
1 0.5777777777777777 0.0743801652892562 0.23333333333333334 0.1487603305785124
1 0.2222222222222222 0.05785123966942149 0.2388888888888889 0.11570247933884298
1 0.8402777777777778 0.1115702479338843 0.24722222222222223 0.2231404958677686
1 0.9111111111111111 0.5922865013774105 0.17222222222222222 0.24242424242424243
2 0.49722222222222223 0.5110192837465565 0.36666666666666664 0.36639118457300274
1 0.7861111111111111 0.7534435261707989 0.2222222222222222 0.22865013774104684
1 0.19444444444444445 0.5840220385674931 0.25 0.2534435261707989
1 0.09583333333333334 0.8567493112947658 0.19166666666666668 0.2644628099173554
1 0.2847222222222222 0.918732782369146 0.25277777777777777 0.162534435261708