1 0.9569444444444445 0.8856749311294766 0.08055555555555556 0.22865013774104684
1 0.10277777777777777 0.01928374655647383 0.20555555555555555 0.03856749311294766
1 0.6986111111111111 0.01652892561983471 0.24166666666666667 0.03305785123966942
1 0.05416666666666667 0.5413223140495868 0.10833333333333334 0.2727272727272727
1 0.9013888888888889 0.9820936639118457 0.19722222222222222 0.03581267217630854
0 0.7722222222222223 0.2699724517906336 0.07222222222222222 0.08264462809917356
1 0.09583333333333334 0.7617079889807162 0.19166666666666668 0.21763085399449036
1 0.25277777777777777 0.6115702479338843 0.2388888888888889 0.25895316804407714
1 0.9027777777777778 0.2988980716253444 0.18888888888888888 0.22865013774104684
1 0.11666666666666667 0.9008264462809917 0.22777777777777777 0.1928374655647383
2 0.4986111111111111 0.4931129476584022 0.3527777777777778 0.34710743801652894
1 0.7305555555555555 0.162534435261708 0.2388888888888889 0.2534435261707989
1 0.3736111111111111 0.1763085399449036 0.24166666666666667 0.24242424242424243
1 0.8347222222222223 0.522038567493113 0.24722222222222223 0.23415977961432508
1 0.7027777777777777 0.9352617079889807 0.24444444444444444 0.12396694214876033
1 0.7069444444444445 0.7603305785123967 0.25833333333333336 0.22589531680440772
1 0.12777777777777777 0.23415977961432508 0.25 0.24242424242424243