1 0.9513888888888888 0.9132231404958677 0.09166666666666666 0.17355371900826447
1 0.22916666666666666 0.977961432506887 0.19722222222222222 0.0440771349862259
1 0.4 0.2534435261707989 0.2722222222222222 0.24242424242424243
2 0.49444444444444446 0.5027548209366391 0.3277777777777778 0.3278236914600551
1 0.275 0.78099173553719 0.2222222222222222 0.21212121212121213
1 0.1486111111111111 0.07713498622589532 0.24722222222222223 0.15426997245179064
1 0.55 0.756198347107438 0.25 0.20110192837465565
1 0.43472222222222223 0.9435261707988981 0.19722222222222222 0.11294765840220386
1 0.8805555555555555 0.5247933884297521 0.23333333333333334 0.23415977961432508
1 0.7027777777777777 0.33884297520661155 0.2111111111111111 0.21487603305785125
1 0.2263888888888889 0.5275482093663911 0.21944444444444444 0.21763085399449036
1 0.3888888888888889 0.06611570247933884 0.24444444444444444 0.1322314049586777
1 0.6541666666666667 0.1115702479338843 0.225 0.20110192837465565
1 0.09583333333333334 0.8732782369146006 0.19166666666666668 0.24793388429752067
1 0.8902777777777777 0.23002754820936638 0.21944444444444444 0.2066115702479339
1 0.10138888888888889 0.3581267217630854 0.20277777777777778 0.209366391184573
1 0.6916666666666667 0.9090909090909091 0.23333333333333334 0.18181818181818182