1 0.05555555555555555 0.9517906336088154 0.1111111111111111 0.09641873278236915
1 0.7208333333333333 0.4724517906336088 0.23055555555555557 0.2727272727272727
1 0.44027777777777777 0.7272727272727273 0.30277777777777776 0.20385674931129477
1 0.9069444444444444 0.256198347107438 0.175 0.23140495867768596
1 0.23333333333333334 0.9586776859504132 0.2777777777777778 0.08264462809917356
1 0.95 0.4559228650137741 0.09444444444444444 0.2066115702479339
1 0.7166666666666667 0.9325068870523416 0.25555555555555554 0.12947658402203857
1 0.17083333333333334 0.4325068870523416 0.2638888888888889 0.22038567493112948
1 0.7319444444444444 0.256198347107438 0.2361111111111111 0.22038567493112948
1 0.32916666666666666 0.871900826446281 0.28055555555555556 0.19008264462809918
2 0.5013888888888889 0.49586776859504134 0.3416666666666667 0.34710743801652894
1 0.07777777777777778 0.2644628099173554 0.15555555555555556 0.22589531680440772
1 0.23472222222222222 0.2548209366391185 0.20833333333333334 0.22865013774104684
1 0.8361111111111111 0.07851239669421488 0.28888888888888886 0.15702479338842976