1 0.40694444444444444 0.9862258953168044 0.21388888888888888 0.027548209366391185
0 0.25 0.9848484848484849 0.08888888888888889 0.030303030303030304
1 0.5152777777777777 0.07024793388429752 0.3416666666666667 0.1349862258953168
1 0.3638888888888889 0.756198347107438 0.21666666666666667 0.20110192837465565
1 0.21944444444444444 0.23553719008264462 0.2111111111111111 0.17355371900826447
1 0.5625 0.0371900826446281 0.275 0.0743801652892562
1 0.06944444444444445 0.43112947658402206 0.1388888888888889 0.26170798898071623
1 0.7472222222222222 0.5991735537190083 0.2111111111111111 0.1790633608815427
1 0.7541666666666667 0.10330578512396695 0.23055555555555557 0.20110192837465565
1 0.25555555555555554 0.09779614325068871 0.2 0.19008264462809918
1 0.7375 0.803030303030303 0.23055555555555557 0.22865013774104684
0 0.24722222222222223 0.4628099173553719 0.08888888888888889 0.08264462809917356
2 0.5 0.5082644628099173 0.31666666666666665 0.3333333333333333
1 0.08888888888888889 0.13911845730027547 0.17777777777777778 0.21212121212121213
1 0.17222222222222222 0.756198347107438 0.2111111111111111 0.2396694214876033
1 0.9125 0.7961432506887053 0.1638888888888889 0.21487603305785125
1 0.5486111111111112 0.8870523415977961 0.24166666666666667 0.22038567493112948
1 0.9027777777777778 0.162534435261708 0.18888888888888888 0.24793388429752067
1 0.8388888888888889 0.40633608815426997 0.26666666666666666 0.2396694214876033
1 0.26805555555555555 0.5867768595041323 0.19722222222222222 0.209366391184573