1 0.05416666666666667 0.2493112947658402 0.10833333333333334 0.21763085399449036
1 0.9402777777777778 0.06060606060606061 0.10833333333333334 0.11570247933884298
1 0.4236111111111111 0.9325068870523416 0.225 0.1349862258953168
1 0.25972222222222224 0.027548209366391185 0.18611111111111112 0.05509641873278237
1 0.7847222222222222 0.030303030303030304 0.225 0.06060606060606061
2 0.5 0.5041322314049587 0.34444444444444444 0.44077134986225897
0 0.12777777777777777 0.7300275482093664 0.09444444444444444 0.07713498622589532
1 0.9444444444444444 0.3608815426997245 0.1111111111111111 0.22038567493112948
1 0.275 0.3402203856749311 0.23333333333333334 0.19559228650137742
1 0.075 0.453168044077135 0.15 0.21212121212121213
1 0.8833333333333333 0.559228650137741 0.22777777777777777 0.22038567493112948
1 0.19305555555555556 0.8760330578512396 0.24722222222222223 0.23140495867768596
1 0.4736111111111111 0.1046831955922865 0.21388888888888888 0.19834710743801653
1 0.2388888888888889 0.568870523415978 0.2222222222222222 0.23415977961432508
1 0.4625 0.8415977961432507 0.21944444444444444 0.21212121212121213
1 0.28055555555555556 0.2024793388429752 0.20555555555555555 0.22865013774104684
1 0.6722222222222223 0.17768595041322313 0.18888888888888888 0.2727272727272727
1 0.6972222222222222 0.6735537190082644 0.2111111111111111 0.21763085399449036
1 0.6972222222222222 0.8884297520661157 0.23333333333333334 0.21763085399449036
1 0.9055555555555556 0.90633608815427 0.17777777777777778 0.18732782369146006