0 0.39305555555555555 0.19421487603305784 0.09722222222222222 0.08539944903581267
1 0.9513888888888888 0.7107438016528925 0.09166666666666666 0.2369146005509642
1 0.06805555555555555 0.8898071625344353 0.1361111111111111 0.22038567493112948
1 0.9402777777777778 0.13911845730027547 0.11944444444444445 0.20110192837465565
1 0.38055555555555554 0.721763085399449 0.2388888888888889 0.22589531680440772
1 0.7583333333333333 0.10330578512396695 0.2388888888888889 0.2066115702479339
2 0.5055555555555555 0.49586776859504134 0.3277777777777778 0.34710743801652894
1 0.5791666666666667 0.8388429752066116 0.2361111111111111 0.21763085399449036
1 0.11944444444444445 0.10743801652892562 0.22777777777777777 0.20385674931129477
1 0.2388888888888889 0.5371900826446281 0.21666666666666667 0.21487603305785125
1 0.12638888888888888 0.32920110192837465 0.21944444444444444 0.21763085399449036
1 0.7694444444444445 0.5151515151515151 0.20555555555555555 0.19834710743801653
1 0.9111111111111111 0.3856749311294766 0.17222222222222222 0.1928374655647383
1 0.8847222222222222 0.90633608815427 0.23055555555555557 0.18732782369146006
1 0.33611111111111114 0.3415977961432507 0.19444444444444445 0.18732782369146006