1 0.9611111111111111 0.11432506887052342 0.07222222222222222 0.22865013774104684
0 0.11666666666666667 0.756198347107438 0.07777777777777778 0.0743801652892562
1 0.40555555555555556 0.04132231404958678 0.2111111111111111 0.08264462809917356
1 0.5777777777777777 0.7754820936639119 0.2722222222222222 0.2231404958677686
1 0.41805555555555557 0.9600550964187328 0.23055555555555557 0.07988980716253444
1 0.10694444444444444 0.09779614325068871 0.21388888888888888 0.1790633608815427
1 0.9375 0.90633608815427 0.11944444444444445 0.18732782369146006
1 0.125 0.4889807162534435 0.22777777777777777 0.2231404958677686
1 0.7736111111111111 0.1790633608815427 0.2361111111111111 0.22589531680440772
1 0.1 0.28512396694214875 0.19444444444444445 0.20110192837465565
1 0.775 0.49586776859504134 0.20555555555555555 0.20385674931129477
1 0.25277777777777777 0.662534435261708 0.2222222222222222 0.21763085399449036
1 0.5694444444444444 0.24380165289256198 0.20555555555555555 0.22865013774104684
1 0.9069444444444444 0.3402203856749311 0.175 0.21763085399449036
1 0.6694444444444444 0.9146005509641874 0.24444444444444444 0.17079889807162535
1 0.8861111111111111 0.6611570247933884 0.20555555555555555 0.18732782369146006
1 0.12916666666666668 0.9022038567493113 0.24722222222222223 0.19559228650137742
1 0.3375 0.19559228650137742 0.24166666666666667 0.22038567493112948
2 0.5013888888888889 0.5275482093663911 0.36944444444444446 0.3774104683195592