1 0.8263888888888888 0.049586776859504134 0.24722222222222223 0.09917355371900827
1 0.21666666666666667 0.03581267217630854 0.19444444444444445 0.07162534435261708
1 0.7902777777777777 0.1046831955922865 0.2361111111111111 0.20385674931129477
1 0.06527777777777778 0.5619834710743802 0.13055555555555556 0.18732782369146006
2 0.49166666666666664 0.4986225895316804 0.3388888888888889 0.34710743801652894
1 0.9263888888888889 0.19972451790633608 0.14166666666666666 0.20110192837465565
1 0.9263888888888889 0.6515151515151515 0.14166666666666666 0.2231404958677686
1 0.42777777777777776 0.9449035812672176 0.24444444444444444 0.1046831955922865
1 0.6097222222222223 0.7465564738292011 0.2638888888888889 0.23140495867768596
1 0.7722222222222223 0.4297520661157025 0.22777777777777777 0.22038567493112948
1 0.6611111111111111 0.931129476584022 0.2222222222222222 0.13774104683195593
1 0.9111111111111111 0.8870523415977961 0.17222222222222222 0.22589531680440772
1 0.0875 0.8925619834710744 0.175 0.21487603305785125