1 0.9736111111111111 0.8980716253443526 0.05277777777777778 0.20385674931129477
1 0.9291666666666667 0.32231404958677684 0.1361111111111111 0.2534435261707989
1 0.5944444444444444 0.0440771349862259 0.22777777777777777 0.0881542699724518
1 0.9222222222222223 0.10192837465564739 0.15 0.20385674931129477
2 0.49583333333333335 0.4972451790633609 0.3472222222222222 0.3278236914600551
1 0.09027777777777778 0.8429752066115702 0.18055555555555555 0.25895316804407714
1 0.20416666666666666 0.5743801652892562 0.2638888888888889 0.23415977961432508
1 0.4638888888888889 0.7699724517906336 0.2611111111111111 0.24517906336088155
1 0.8194444444444444 0.8250688705234159 0.2722222222222222 0.24517906336088155
1 0.2722222222222222 0.8815426997245179 0.20555555555555555 0.2369146005509642
1 0.7180555555555556 0.3071625344352617 0.25277777777777777 0.23415977961432508
1 0.7625 0.5853994490358126 0.25277777777777777 0.2231404958677686
1 0.17777777777777778 0.32644628099173556 0.24444444444444444 0.2231404958677686