1 0.7513888888888889 0.024793388429752067 0.2361111111111111 0.049586776859504134
1 0.8236111111111111 0.9380165289256198 0.20277777777777778 0.1184573002754821
1 0.7458333333333333 0.3608815426997245 0.21944444444444444 0.19834710743801653
1 0.3458333333333333 0.19559228650137742 0.20833333333333334 0.22038567493112948
1 0.2263888888888889 0.5165289256198347 0.18611111111111112 0.256198347107438
1 0.35 0.6831955922865014 0.2222222222222222 0.2369146005509642
1 0.5791666666666667 0.9655647382920111 0.225 0.06887052341597796
0 0.6861111111111111 0.12121212121212122 0.09444444444444444 0.0881542699724518
1 0.11527777777777778 0.9269972451790633 0.23055555555555557 0.14600550964187328
1 0.5958333333333333 0.7245179063360881 0.24722222222222223 0.2369146005509642
1 0.22083333333333333 0.13774104683195593 0.2361111111111111 0.20385674931129477
1 0.32916666666666666 0.8898071625344353 0.2361111111111111 0.209366391184573
1 0.10694444444444444 0.35674931129476584 0.21388888888888888 0.22865013774104684
1 0.8263888888888888 0.7479338842975206 0.19722222222222222 0.23415977961432508
2 0.5013888888888889 0.49586776859504134 0.33055555555555555 0.31955922865013775
1 0.9152777777777777 0.47796143250688705 0.1638888888888889 0.20110192837465565
1 0.8972222222222223 0.1046831955922865 0.19444444444444445 0.209366391184573