1 0.6597222222222222 0.9862258953168044 0.225 0.027548209366391185
1 0.9486111111111111 0.743801652892562 0.10277777777777777 0.29201101928374656
1 0.9555555555555556 0.4462809917355372 0.08333333333333333 0.2975206611570248
1 0.2513888888888889 0.7079889807162535 0.2638888888888889 0.19834710743801653
1 0.08472222222222223 0.09779614325068871 0.16944444444444445 0.18457300275482094
1 0.7486111111111111 0.2327823691460055 0.24722222222222223 0.23415977961432508
1 0.09166666666666666 0.8526170798898072 0.18333333333333332 0.23415977961432508
2 0.5 0.5027548209366391 0.3111111111111111 0.3278236914600551
1 0.8041666666666667 0.5564738292011019 0.2972222222222222 0.24793388429752067
1 0.42083333333333334 0.26721763085399447 0.25833333333333336 0.24242424242424243
1 0.6194444444444445 0.7272727272727273 0.25555555555555554 0.24793388429752067
1 0.5263888888888889 0.07713498622589532 0.2361111111111111 0.15426997245179064
1 0.5055555555555555 0.9090909090909091 0.23333333333333334 0.18181818181818182