1 0.4444444444444444 0.8278236914600551 0.21666666666666667 0.21212121212121213
1 0.1361111111111111 0.1184573002754821 0.23333333333333334 0.209366391184573
1 0.7111111111111111 0.581267217630854 0.21666666666666667 0.19834710743801653
1 0.8333333333333334 0.13360881542699724 0.31666666666666665 0.26721763085399447
1 0.7763888888888889 0.0440771349862259 0.2638888888888889 0.0881542699724518
1 0.9222222222222223 0.509641873278237 0.15555555555555556 0.209366391184573
1 0.5388888888888889 0.8829201101928374 0.20555555555555555 0.19559228650137742
1 0.23194444444444445 0.02066115702479339 0.23055555555555557 0.04132231404958678
1 0.43194444444444446 0.9848484848484849 0.21944444444444444 0.030303030303030304
0 0.022222222222222223 0.15977961432506887 0.044444444444444446 0.07713498622589532
1 0.5944444444444444 0.11019283746556474 0.2222222222222222 0.21487603305785125
1 0.8708333333333333 0.359504132231405 0.225 0.21212121212121213
1 0.1125 0.568870523415978 0.225 0.2727272727272727
1 0.7305555555555555 0.8333333333333334 0.23333333333333334 0.2231404958677686
2 0.49583333333333335 0.5068870523415978 0.3638888888888889 0.4573002754820937
1 0.4083333333333333 0.21349862258953167 0.2611111111111111 0.21763085399449036
1 0.25555555555555554 0.7548209366391184 0.21666666666666667 0.209366391184573