1 0.05694444444444444 0.25757575757575757 0.11388888888888889 0.23415977961432508
1 0.42083333333333334 0.9752066115702479 0.2361111111111111 0.049586776859504134
0 0.9208333333333333 0.8732782369146006 0.09166666666666666 0.0881542699724518
1 0.6402777777777777 0.9214876033057852 0.21944444444444444 0.15702479338842976
2 0.49444444444444446 0.4986225895316804 0.4444444444444444 0.45179063360881544
1 0.9041666666666667 0.03994490358126722 0.18611111111111112 0.07988980716253444
1 0.9291666666666667 0.5798898071625345 0.14166666666666666 0.19559228650137742
1 0.5583333333333333 0.08953168044077135 0.24444444444444444 0.1790633608815427
1 0.33611111111111114 0.7878787878787878 0.25 0.2369146005509642
1 0.7069444444444445 0.7369146005509641 0.24166666666666667 0.21763085399449036
1 0.15694444444444444 0.09090909090909091 0.24722222222222223 0.18181818181818182
1 0.18611111111111112 0.928374655647383 0.25 0.14325068870523416
1 0.23194444444444445 0.290633608815427 0.2361111111111111 0.21763085399449036