1 0.06527777777777778 0.4214876033057851 0.13055555555555556 0.18732782369146006
1 0.07083333333333333 0.8347107438016529 0.14166666666666666 0.209366391184573
1 0.5638888888888889 0.9696969696969697 0.17222222222222222 0.06060606060606061
1 0.3527777777777778 0.6928374655647382 0.2388888888888889 0.16804407713498623
1 0.9402777777777778 0.34573002754820936 0.11944444444444445 0.2231404958677686
1 0.18055555555555555 0.05096418732782369 0.19444444444444445 0.10192837465564739
1 0.11666666666666667 0.6570247933884298 0.20555555555555555 0.19008264462809918
1 0.6125 0.7066115702479339 0.25277777777777777 0.19008264462809918
1 0.6763888888888889 0.8677685950413223 0.18611111111111112 0.20385674931129477
1 0.8847222222222222 0.5606060606060606 0.21944444444444444 0.21763085399449036
1 0.21666666666666667 0.38292011019283745 0.20555555555555555 0.24242424242424243
2 0.5013888888888889 0.49449035812672176 0.38055555555555554 0.3608815426997245