1 0.9777777777777777 0.418732782369146 0.03888888888888889 0.1652892561983471
1 0.2763888888888889 0.9793388429752066 0.21944444444444444 0.04132231404958678
1 0.4986111111111111 0.11707988980716254 0.24722222222222223 0.2231404958677686
1 0.7819444444444444 0.3746556473829201 0.21388888888888888 0.18732782369146006
2 0.5 0.49586776859504134 0.37222222222222223 0.3305785123966942
1 0.8736111111111111 0.19834710743801653 0.225 0.21487603305785125
1 0.9027777777777778 0.7424242424242424 0.18333333333333332 0.19559228650137742
1 0.3416666666666667 0.28512396694214875 0.23333333333333334 0.2231404958677686
1 0.23194444444444445 0.49586776859504134 0.21944444444444444 0.209366391184573
1 0.7222222222222222 0.8126721763085399 0.20555555555555555 0.1928374655647383
1 0.31805555555555554 0.8457300275482094 0.18055555555555555 0.18181818181818182
1 0.6736111111111112 0.21074380165289255 0.19722222222222222 0.19008264462809918
1 0.75 0.6363636363636364 0.19444444444444445 0.20385674931129477