1 0.11527777777777778 0.5578512396694215 0.21944444444444444 0.20110192837465565
1 0.043055555555555555 0.24242424242424243 0.08611111111111111 0.24793388429752067
1 0.05694444444444444 0.9655647382920111 0.11388888888888889 0.06887052341597796
1 0.20972222222222223 0.9862258953168044 0.21388888888888888 0.027548209366391185
1 0.6861111111111111 0.02066115702479339 0.2111111111111111 0.04132231404958678
1 0.1875 0.8347107438016529 0.225 0.22038567493112948
1 0.49583333333333335 0.9476584022038568 0.275 0.1046831955922865
1 0.10138888888888889 0.03581267217630854 0.20277777777777778 0.06611570247933884
2 0.4986111111111111 0.4931129476584022 0.36944444444444446 0.36363636363636365
1 0.7875 0.4366391184573003 0.24166666666666667 0.2892561983471074
1 0.5625 0.11983471074380166 0.21388888888888888 0.2231404958677686
1 0.10833333333333334 0.8140495867768595 0.2111111111111111 0.20110192837465565
1 0.7194444444444444 0.6735537190082644 0.2222222222222222 0.20110192837465565
1 0.6847222222222222 0.871900826446281 0.23055555555555557 0.2066115702479339
1 0.23194444444444445 0.32644628099173556 0.2638888888888889 0.25068870523415976
1 0.8875 0.8705234159779615 0.20277777777777778 0.22038567493112948