1 0.15694444444444444 0.14600550964187328 0.30833333333333335 0.29201101928374656
1 0.19166666666666668 0.7134986225895317 0.35 0.31955922865013775
1 0.8666666666666667 0.013774104683195593 0.22777777777777777 0.027548209366391185
0 0.7152777777777778 0.015151515151515152 0.10833333333333334 0.030303030303030304
1 0.9569444444444445 0.5165289256198347 0.08055555555555556 0.22865013774104684
0 0.33055555555555555 0.7933884297520661 0.06666666666666667 0.06060606060606061
2 0.5027777777777778 0.5950413223140496 0.43333333333333335 0.3526170798898072
1 0.18333333333333332 0.7024793388429752 0.19444444444444445 0.22589531680440772
1 0.8111111111111111 0.16115702479338842 0.2 0.19559228650137742
0 0.9569444444444445 0.22176308539944903 0.08055555555555556 0.07988980716253444
1 0.9138888888888889 0.71900826446281 0.16666666666666666 0.22038567493112948
1 0.45694444444444443 0.8016528925619835 0.21388888888888888 0.21487603305785125
1 0.7583333333333333 0.9628099173553719 0.2111111111111111 0.0743801652892562
1 0.1111111111111111 0.06198347107438017 0.21666666666666667 0.12396694214876033
2 0.5180555555555556 0.290633608815427 0.4527777777777778 0.3443526170798898
1 0.5527777777777778 0.9435261707988981 0.22777777777777777 0.10743801652892562
1 0.6833333333333333 0.8195592286501377 0.25 0.23415977961432508
1 0.09027777777777778 0.359504132231405 0.18055555555555555 0.22865013774104684
1 0.7930555555555555 0.5964187327823691 0.23055555555555557 0.22865013774104684
1 0.25416666666666665 0.26170798898071623 0.20833333333333334 0.22038567493112948
1 0.22361111111111112 0.4765840220385675 0.20277777777777778 0.21487603305785125
1 0.1111111111111111 0.9256198347107438 0.21666666666666667 0.1487603305785124
1 0.3416666666666667 0.07713498622589532 0.25 0.15426997245179064
1 0.9 0.8856749311294766 0.2 0.20110192837465565