1 0.36666666666666664 0.9559228650137741 0.2222222222222222 0.0881542699724518
1 0.6444444444444445 0.9049586776859504 0.23333333333333334 0.18457300275482094
1 0.2152777777777778 0.5550964187327824 0.24166666666666667 0.26721763085399447
1 0.9277777777777778 0.027548209366391185 0.1388888888888889 0.05509641873278237
0 0.9847222222222223 0.19008264462809918 0.030555555555555555 0.1046831955922865
1 0.8555555555555555 0.859504132231405 0.23333333333333334 0.22038567493112948
0 0.9444444444444444 0.2713498622589532 0.1 0.0743801652892562
1 0.5138888888888888 0.1046831955922865 0.20555555555555555 0.209366391184573
1 0.26944444444444443 0.9146005509641874 0.21666666666666667 0.17079889807162535
1 0.9069444444444444 0.4049586776859504 0.18055555555555555 0.1928374655647383
1 0.11805555555555555 0.3085399449035813 0.2361111111111111 0.2699724517906336
1 0.0763888888888889 0.7203856749311295 0.1527777777777778 0.21763085399449036
1 0.4652777777777778 0.8168044077134986 0.23055555555555557 0.2231404958677686
1 0.23472222222222222 0.081267217630854 0.2638888888888889 0.15702479338842976
1 0.7444444444444445 0.6914600550964187 0.2222222222222222 0.22038567493112948
2 0.5 0.5234159779614325 0.42777777777777776 0.4297520661157025
1 0.3388888888888889 0.256198347107438 0.21666666666666667 0.19834710743801653