1 0.8180555555555555 0.09366391184573003 0.25833333333333336 0.18732782369146006
1 0.05694444444444444 0.2534435261707989 0.11388888888888889 0.22589531680440772
1 0.20555555555555555 0.08677685950413223 0.23333333333333334 0.16804407713498623
1 0.3347222222222222 0.9834710743801653 0.33611111111111114 0.03305785123966942
1 0.4375 0.7878787878787878 0.275 0.2699724517906336
1 0.5763888888888888 0.07988980716253444 0.2638888888888889 0.15977961432506887
1 0.9180555555555555 0.5413223140495868 0.1638888888888889 0.22865013774104684
1 0.39444444444444443 0.1887052341597796 0.22777777777777777 0.23415977961432508
1 0.8819444444444444 0.6157024793388429 0.225 0.23415977961432508
1 0.9041666666666667 0.11570247933884298 0.19166666666666668 0.23140495867768596
1 0.16527777777777777 0.31267217630853994 0.23055555555555557 0.21763085399449036
1 0.5555555555555556 0.9462809917355371 0.2222222222222222 0.10743801652892562
1 0.09444444444444444 0.9435261707988981 0.18888888888888888 0.11294765840220386
1 0.1736111111111111 0.7644628099173554 0.275 0.2396694214876033
2 0.5041666666666667 0.49586776859504134 0.425 0.4462809917355372