1 0.4361111111111111 0.013774104683195593 0.21666666666666667 0.027548209366391185
1 0.0875 0.9765840220385675 0.175 0.046831955922865015
1 0.5916666666666667 0.06887052341597796 0.18888888888888888 0.1322314049586777
1 0.8708333333333333 0.7134986225895317 0.23055555555555557 0.22038567493112948
1 0.4013888888888889 0.7107438016528925 0.18055555555555555 0.21487603305785125
1 0.13333333333333333 0.42699724517906334 0.24444444444444444 0.22589531680440772
0 0.025 0.36363636363636365 0.05 0.09366391184573003
1 0.55 0.22589531680440772 0.24444444444444444 0.1763085399449036
1 0.0763888888888889 0.06887052341597796 0.1527777777777778 0.13774104683195593
1 0.24027777777777778 0.59366391184573 0.21944444444444444 0.22865013774104684
2 0.5027777777777778 0.4972451790633609 0.3888888888888889 0.36639118457300274
1 0.5791666666666667 0.8746556473829201 0.21388888888888888 0.21212121212121213