1 0.8416666666666667 0.987603305785124 0.20555555555555555 0.024793388429752067
1 0.8513888888888889 0.4669421487603306 0.21388888888888888 0.17355371900826447
1 0.8138888888888889 0.18319559228650137 0.20555555555555555 0.21763085399449036
1 0.06388888888888888 0.9104683195592287 0.12777777777777777 0.1790633608815427
1 0.2722222222222222 0.05785123966942149 0.22777777777777777 0.11570247933884298
1 0.13472222222222222 0.29201101928374656 0.26944444444444443 0.25895316804407714
1 0.7666666666666667 0.43388429752066116 0.20555555555555555 0.21763085399449036
1 0.9277777777777778 0.8484848484848485 0.14444444444444443 0.2369146005509642
1 0.5347222222222222 0.11432506887052342 0.225 0.2231404958677686
2 0.49166666666666664 0.49449035812672176 0.38333333333333336 0.38292011019283745
1 0.7222222222222222 0.8842975206611571 0.26666666666666666 0.22038567493112948
1 0.08611111111111111 0.08264462809917356 0.16666666666666666 0.15977961432506887
1 0.8875 0.2809917355371901 0.20277777777777778 0.19834710743801653
1 0.30416666666666664 0.8195592286501377 0.21944444444444444 0.21763085399449036
1 0.33055555555555555 0.23829201101928374 0.2222222222222222 0.2066115702479339
1 0.7722222222222223 0.6790633608815427 0.22777777777777777 0.2231404958677686