1 0.21666666666666667 0.1446280991735537 0.37777777777777777 0.2892561983471074
1 0.9277777777777778 0.6611570247933884 0.14444444444444443 0.22589531680440772
1 0.5555555555555556 0.9297520661157025 0.21666666666666667 0.1349862258953168
1 0.9180555555555555 0.4325068870523416 0.1527777777777778 0.20385674931129477
1 0.24444444444444444 0.6776859504132231 0.31666666666666665 0.2865013774104683
1 0.1388888888888889 0.9022038567493113 0.2777777777777778 0.19559228650137742
1 0.9652777777777778 0.9049586776859504 0.06388888888888888 0.19008264462809918
1 0.9111111111111111 0.9765840220385675 0.17777777777777778 0.046831955922865015
1 0.07083333333333333 0.3484848484848485 0.14166666666666666 0.2396694214876033
1 0.07777777777777778 0.581267217630854 0.15555555555555556 0.2369146005509642
1 0.7972222222222223 0.5757575757575758 0.25555555555555554 0.24242424242424243
2 0.49722222222222223 0.49586776859504134 0.43333333333333335 0.44077134986225897
1 0.4375 0.8140495867768595 0.24722222222222223 0.23415977961432508
1 0.22361111111111112 0.06611570247933884 0.23055555555555557 0.12672176308539945
1 0.7402777777777778 0.11294765840220386 0.25277777777777777 0.22038567493112948