1 0.17083333333333334 0.3884297520661157 0.21388888888888888 0.2534435261707989
1 0.06111111111111111 0.3746556473829201 0.12222222222222222 0.25895316804407714
1 0.07916666666666666 0.9834710743801653 0.15833333333333333 0.03305785123966942
1 0.5222222222222223 0.01652892561983471 0.18333333333333332 0.03305785123966942
1 0.25416666666666665 0.6652892561983471 0.24722222222222223 0.2396694214876033
1 0.25277777777777777 0.01652892561983471 0.25555555555555554 0.03305785123966942
1 0.6625 0.6845730027548209 0.2916666666666667 0.256198347107438
1 0.9541666666666667 0.9077134986225895 0.08611111111111111 0.18457300275482094
1 0.475 0.05234159779614325 0.22777777777777777 0.1046831955922865
1 0.7111111111111111 0.32231404958677684 0.22777777777777777 0.22038567493112948
1 0.49722222222222223 0.9559228650137741 0.22777777777777777 0.08264462809917356
1 0.20694444444444443 0.17355371900826447 0.21944444444444444 0.209366391184573
1 0.7138888888888889 0.9586776859504132 0.2222222222222222 0.07713498622589532
1 0.6930555555555555 0.8966942148760331 0.2361111111111111 0.20110192837465565
1 0.10555555555555556 0.7396694214876033 0.20555555555555555 0.2231404958677686
1 0.46805555555555556 0.8305785123966942 0.26944444444444443 0.19559228650137742
1 0.1111111111111111 0.1046831955922865 0.2222222222222222 0.20385674931129477
1 0.5875 0.1652892561983471 0.2861111111111111 0.22038567493112948
1 0.7916666666666666 0.08402203856749312 0.25555555555555554 0.16804407713498623
1 0.26805555555555555 0.8994490358126722 0.275 0.20110192837465565
1 0.8777777777777778 0.3154269972451791 0.23333333333333334 0.21212121212121213
2 0.49166666666666664 0.4889807162534435 0.5555555555555556 0.5206611570247934