1 0.041666666666666664 0.4820936639118457 0.08333333333333333 0.2369146005509642
1 0.07916666666666666 0.8746556473829201 0.15833333333333333 0.24517906336088155
1 0.8708333333333333 0.07988980716253444 0.24722222222222223 0.15977961432506887
1 0.95 0.7644628099173554 0.09444444444444444 0.256198347107438
2 0.5055555555555555 0.546831955922865 0.5 0.5647382920110193
1 0.7958333333333333 0.24517906336088155 0.24722222222222223 0.24242424242424243
1 0.14166666666666666 0.6707988980716253 0.2777777777777778 0.25068870523415976
1 0.475 0.918732782369146 0.28888888888888886 0.162534435261708
1 0.8444444444444444 0.6253443526170799 0.2111111111111111 0.209366391184573
1 0.7569444444444444 0.9297520661157025 0.25277777777777777 0.14049586776859505
1 0.1486111111111111 0.3168044077134986 0.225 0.22038567493112948