1 0.22777777777777777 0.6060606060606061 0.2 0.209366391184573
1 0.03888888888888889 0.48760330578512395 0.07222222222222222 0.22038567493112948
1 0.1125 0.6542699724517906 0.21388888888888888 0.22865013774104684
1 0.7875 0.22451790633608815 0.25833333333333336 0.22865013774104684
1 0.9722222222222222 0.8842975206611571 0.05 0.22038567493112948
1 0.9569444444444445 0.5454545454545454 0.08055555555555556 0.24793388429752067
1 0.40555555555555556 0.11707988980716254 0.22777777777777777 0.21212121212121213
0 0.24722222222222223 0.32920110192837465 0.1 0.10192837465564739
1 0.16527777777777777 0.1046831955922865 0.225 0.19834710743801653
1 0.8861111111111111 0.9545454545454546 0.22777777777777777 0.08539944903581267
1 0.6319444444444444 0.9586776859504132 0.25833333333333336 0.08264462809917356
1 0.3763888888888889 0.19559228650137742 0.23055555555555557 0.209366391184573
1 0.09027777777777778 0.29614325068870523 0.18055555555555555 0.21212121212121213
1 0.8375 0.78099173553719 0.2361111111111111 0.22865013774104684
1 0.9361111111111111 0.31955922865013775 0.12222222222222222 0.20385674931129477
1 0.6194444444444445 0.0743801652892562 0.23333333333333334 0.1487603305785124
1 0.11805555555555555 0.8953168044077136 0.23055555555555557 0.209366391184573
2 0.5 0.49586776859504134 0.39444444444444443 0.4793388429752066
1 0.5736111111111111 0.8071625344352618 0.2361111111111111 0.21487603305785125
1 0.32222222222222224 0.8057851239669421 0.2111111111111111 0.21212121212121213
1 0.8125 0.4738292011019284 0.21388888888888888 0.22589531680440772