1 0.075 0.29614325068870523 0.15 0.20110192837465565
1 0.16805555555555557 0.09090909090909091 0.2861111111111111 0.18181818181818182
1 0.7527777777777778 0.9848484848484849 0.2388888888888889 0.030303030303030304
1 0.44722222222222224 0.9655647382920111 0.22777777777777777 0.06887052341597796
1 0.8916666666666667 0.07851239669421488 0.2111111111111111 0.15702479338842976
1 0.10972222222222222 0.4696969696969697 0.21388888888888888 0.2231404958677686
1 0.75 0.731404958677686 0.2222222222222222 0.2066115702479339
1 0.9027777777777778 0.2534435261707989 0.17777777777777778 0.18732782369146006
1 0.30833333333333335 0.7011019283746557 0.2111111111111111 0.2231404958677686
1 0.7791666666666667 0.5344352617079889 0.225 0.23140495867768596
1 0.3875 0.0881542699724518 0.21388888888888888 0.1763085399449036
2 0.49722222222222223 0.48622589531680444 0.37777777777777777 0.3774104683195592