1 0.3861111111111111 0.9834710743801653 0.22777777777777777 0.03305785123966942
1 0.9 0.29614325068870523 0.19444444444444445 0.24517906336088155
1 0.6055555555555555 0.9752066115702479 0.24444444444444444 0.049586776859504134
1 0.07083333333333333 0.07300275482093664 0.14166666666666666 0.14600550964187328
1 0.24166666666666667 0.06060606060606061 0.22777777777777777 0.12121212121212122
2 0.49583333333333335 0.5082644628099173 0.4583333333333333 0.465564738292011
1 0.5875 0.05647382920110193 0.24722222222222223 0.11294765840220386
1 0.2 0.359504132231405 0.24444444444444444 0.23415977961432508
1 0.6847222222222222 0.2162534435261708 0.25833333333333336 0.24517906336088155
1 0.8791666666666667 0.7341597796143251 0.20833333333333334 0.19008264462809918
1 0.9138888888888889 0.5385674931129476 0.16666666666666666 0.2396694214876033
1 0.10972222222222222 0.8870523415977961 0.21944444444444444 0.22038567493112948