1 0.8569444444444444 0.081267217630854 0.275 0.162534435261708
1 0.18055555555555555 0.2644628099173554 0.23333333333333334 0.23140495867768596
1 0.9416666666666667 0.7796143250688705 0.1111111111111111 0.2534435261707989
1 0.15555555555555556 0.5867768595041323 0.2388888888888889 0.27548209366391185
1 0.5930555555555556 0.045454545454545456 0.24166666666666667 0.09090909090909091
1 0.7361111111111112 0.25206611570247933 0.2222222222222222 0.23415977961432508
1 0.11944444444444445 0.18044077134986225 0.2111111111111111 0.20110192837465565
1 0.525 0.8650137741046832 0.2833333333333333 0.23140495867768596
1 0.10833333333333334 0.8181818181818182 0.2111111111111111 0.209366391184573
1 0.325 0.08539944903581267 0.23333333333333334 0.1652892561983471
1 0.7680555555555556 0.8457300275482094 0.25277777777777777 0.2369146005509642
2 0.49722222222222223 0.5165289256198347 0.4722222222222222 0.4820936639118457
1 0.30833333333333335 0.8925619834710744 0.21666666666666667 0.21487603305785125