1 0.9722222222222222 0.359504132231405 0.05 0.19559228650137742
1 0.06527777777777778 0.4214876033057851 0.13055555555555556 0.21487603305785125
1 0.42777777777777776 0.9820936639118457 0.18888888888888888 0.03581267217630854
1 0.8875 0.6115702479338843 0.21944444444444444 0.2975206611570248
0 0.7416666666666667 0.8856749311294766 0.08333333333333333 0.09090909090909091
1 0.3736111111111111 0.7961432506887053 0.26944444444444443 0.23140495867768596
1 0.19305555555555556 0.2837465564738292 0.28055555555555556 0.2369146005509642
1 0.2388888888888889 0.9655647382920111 0.2222222222222222 0.06887052341597796
1 0.7736111111111111 0.46143250688705234 0.21388888888888888 0.25068870523415976
2 0.5 0.4972451790633609 0.4166666666666667 0.465564738292011
1 0.07083333333333333 0.940771349862259 0.14166666666666666 0.1184573002754821
1 0.06805555555555555 0.7947658402203857 0.1361111111111111 0.20110192837465565
1 0.5319444444444444 0.9297520661157025 0.21388888888888888 0.14049586776859505
2 0.9527777777777777 0.8347107438016529 0.09444444444444444 0.3305785123966942
1 0.7486111111111111 0.3002754820936639 0.19166666666666668 0.18181818181818182
1 0.5388888888888889 0.1652892561983471 0.2388888888888889 0.24242424242424243
1 0.13055555555555556 0.06887052341597796 0.21666666666666667 0.13774104683195593
1 0.5916666666666667 0.7644628099173554 0.22777777777777777 0.19008264462809918
1 0.17083333333333334 0.6473829201101928 0.21944444444444444 0.209366391184573
1 0.7583333333333333 0.10743801652892562 0.20555555555555555 0.209366391184573