1 0.11805555555555555 0.8471074380165289 0.2361111111111111 0.30578512396694213
1 0.058333333333333334 0.9628099173553719 0.11666666666666667 0.0743801652892562
1 0.06388888888888888 0.174931129476584 0.12777777777777777 0.2396694214876033
1 0.21666666666666667 0.9752066115702479 0.22777777777777777 0.049586776859504134
1 0.4888888888888889 0.9696969696969697 0.22777777777777777 0.06060606060606061
1 0.28194444444444444 0.7961432506887053 0.2361111111111111 0.2369146005509642
2 0.5083333333333333 0.5082644628099173 0.43333333333333335 0.42699724517906334
1 0.1986111111111111 0.4903581267217631 0.24722222222222223 0.23140495867768596
1 0.9208333333333333 0.6955922865013774 0.1527777777777778 0.21763085399449036
1 0.5347222222222222 0.10055096418732783 0.225 0.20110192837465565
1 0.6972222222222222 0.26584022038567495 0.2388888888888889 0.2231404958677686
1 0.10138888888888889 0.6914600550964187 0.20277777777777778 0.22038567493112948
1 0.5125 0.803030303030303 0.21944444444444444 0.21212121212121213
1 0.6958333333333333 0.9035812672176309 0.24722222222222223 0.1928374655647383