1 0.9583333333333334 0.3953168044077135 0.07777777777777778 0.2396694214876033
1 0.0375 0.11432506887052342 0.06944444444444445 0.2231404958677686
1 0.6305555555555555 0.7327823691460055 0.19444444444444445 0.19834710743801653
0 0.975 0.9641873278236914 0.05 0.07162534435261708
0 0.0763888888888889 0.26859504132231404 0.09166666666666666 0.08539944903581267
1 0.08055555555555556 0.9724517906336089 0.16111111111111112 0.05509641873278237
1 0.5041666666666667 0.08264462809917356 0.30833333333333335 0.1652892561983471
1 0.16944444444444445 0.08264462809917356 0.19444444444444445 0.1652892561983471
1 0.7888888888888889 0.359504132231405 0.2222222222222222 0.21212121212121213
1 0.06805555555555555 0.5454545454545454 0.1361111111111111 0.24793388429752067
1 0.2763888888888889 0.9366391184573003 0.23055555555555557 0.12121212121212122
1 0.33055555555555555 0.21763085399449036 0.2388888888888889 0.22589531680440772
1 0.8375 0.5950413223140496 0.24722222222222223 0.2369146005509642
1 0.22361111111111112 0.5743801652892562 0.21388888888888888 0.19559228650137742
2 0.5013888888888889 0.49586776859504134 0.41388888888888886 0.3856749311294766
1 0.10972222222222222 0.7603305785123967 0.19722222222222222 0.20385674931129477
1 0.2111111111111111 0.38154269972451793 0.23333333333333334 0.20110192837465565
1 0.575 0.9104683195592287 0.2388888888888889 0.1790633608815427