1 0.9736111111111111 0.3140495867768595 0.04722222222222222 0.24242424242424243
1 0.9083333333333333 0.931129476584022 0.17777777777777778 0.13774104683195593
1 0.09861111111111111 0.2713498622589532 0.19166666666666668 0.256198347107438
1 0.2013888888888889 0.5068870523415978 0.23055555555555557 0.2699724517906336
1 0.8097222222222222 0.9628099173553719 0.2861111111111111 0.0743801652892562
1 0.09722222222222222 0.9173553719008265 0.19444444444444445 0.1652892561983471
1 0.9055555555555556 0.6046831955922864 0.18333333333333332 0.23415977961432508
1 0.1875 0.06336088154269973 0.26944444444444443 0.12121212121212122
1 0.7458333333333333 0.12396694214876033 0.26944444444444443 0.2369146005509642
1 0.19166666666666668 0.6721763085399449 0.22777777777777777 0.20385674931129477
1 0.48194444444444445 0.19146005509641872 0.26944444444444443 0.25068870523415976
1 0.38472222222222224 0.8787878787878788 0.25833333333333336 0.2369146005509642
2 0.5097222222222222 0.568870523415978 0.44722222222222224 0.47107438016528924
1 0.7819444444444444 0.3677685950413223 0.2861111111111111 0.23415977961432508