1 0.029166666666666667 0.640495867768595 0.058333333333333334 0.2231404958677686
1 0.9472222222222222 0.5674931129476584 0.10555555555555556 0.24242424242424243
1 0.05277777777777778 0.1487603305785124 0.10555555555555556 0.23140495867768596
1 0.95 0.9614325068870524 0.09444444444444444 0.07162534435261708
1 0.32083333333333336 0.9765840220385675 0.225 0.046831955922865015
1 0.2902777777777778 0.07575757575757576 0.25277777777777777 0.14600550964187328
1 0.6666666666666666 0.7134986225895317 0.2 0.21487603305785125
2 0.5069444444444444 0.5082644628099173 0.4861111111111111 0.4765840220385675
1 0.3611111111111111 0.7630853994490359 0.21666666666666667 0.21487603305785125
1 0.5305555555555556 0.8911845730027548 0.22777777777777777 0.2066115702479339
1 0.1763888888888889 0.5578512396694215 0.23055555555555557 0.2066115702479339
1 0.8625 0.7382920110192838 0.21944444444444444 0.209366391184573
2 0.06666666666666667 0.39807162534435264 0.13333333333333333 0.2396694214876033
1 0.7055555555555556 0.2644628099173554 0.21666666666666667 0.21487603305785125
1 0.7916666666666666 0.5358126721763086 0.18333333333333332 0.20110192837465565
1 0.7944444444444444 0.9214876033057852 0.18888888888888888 0.15702479338842976
1 0.8805555555555555 0.2892561983471074 0.15555555555555556 0.19834710743801653