1 0.275 0.6859504132231405 0.25 0.25895316804407714
0 0.03888888888888889 0.4462809917355372 0.07777777777777778 0.08264462809917356
1 0.775 0.7148760330578512 0.2388888888888889 0.26170798898071623
1 0.09861111111111111 0.8016528925619835 0.19166666666666668 0.22589531680440772
1 0.17222222222222222 0.9517906336088154 0.23333333333333334 0.09641873278236915
2 0.5083333333333333 0.4972451790633609 0.4777777777777778 0.47107438016528924
1 0.7583333333333333 0.10192837465564739 0.22777777777777777 0.19834710743801653
1 0.8833333333333333 0.3402203856749311 0.2222222222222222 0.24517906336088155
1 0.9041666666666667 0.8746556473829201 0.19166666666666668 0.23415977961432508
1 0.1375 0.081267217630854 0.19722222222222222 0.15702479338842976
1 0.28055555555555556 0.22727272727272727 0.2388888888888889 0.2231404958677686
1 0.3861111111111111 0.9035812672176309 0.25555555555555554 0.1928374655647383