1 0.6944444444444444 0.7410468319559229 0.2111111111111111 0.19834710743801653
1 0.9736111111111111 0.4380165289256198 0.04722222222222222 0.19834710743801653
1 0.6 0.9614325068870524 0.2 0.07713498622589532
1 0.07361111111111111 0.7672176308539945 0.14722222222222223 0.21212121212121213
1 0.7208333333333333 0.17355371900826447 0.375 0.34710743801652894
1 0.35694444444444445 0.931129476584022 0.2361111111111111 0.1322314049586777
1 0.7555555555555555 0.43526170798898073 0.22777777777777777 0.22589531680440772
1 0.9791666666666666 0.9090909090909091 0.041666666666666664 0.18181818181818182
1 0.6583333333333333 0.027548209366391185 0.21666666666666667 0.049586776859504134
1 0.8597222222222223 0.9752066115702479 0.2361111111111111 0.049586776859504134
1 0.0763888888888889 0.3856749311294766 0.1527777777777778 0.19834710743801653
1 0.9013888888888889 0.05096418732782369 0.19166666666666668 0.09641873278236915
1 0.9375 0.21763085399449036 0.11944444444444445 0.209366391184573
1 0.75 0.581267217630854 0.17777777777777778 0.25895316804407714
1 0.07777777777777778 0.07988980716253444 0.15555555555555556 0.15977961432506887
1 0.5902777777777778 0.9159779614325069 0.225 0.16804407713498623
2 0.49722222222222223 0.5633608815426997 0.42777777777777776 0.41046831955922863
1 0.8875 0.800275482093664 0.21944444444444444 0.19559228650137742
1 0.2861111111111111 0.08264462809917356 0.20555555555555555 0.1652892561983471
1 0.24444444444444444 0.7231404958677686 0.2111111111111111 0.21763085399449036
1 0.6902777777777778 0.14738292011019283 0.21388888888888888 0.1790633608815427
1 0.5625 0.30578512396694213 0.21388888888888888 0.18732782369146006
1 0.9041666666666667 0.5840220385674931 0.18611111111111112 0.21487603305785125
1 0.2722222222222222 0.3856749311294766 0.2111111111111111 0.19834710743801653
1 0.4791666666666667 0.11019283746556474 0.20833333333333334 0.19834710743801653
1 0.14444444444444443 0.9132231404958677 0.2 0.17355371900826447