0 0.5 0.174931129476584 0.08888888888888889 0.10192837465564739
0 0.47638888888888886 0.05785123966942149 0.08611111111111111 0.07713498622589532
0 0.6041666666666666 0.2644628099173554 0.10833333333333334 0.13774104683195593
1 0.8125 0.02066115702479339 0.19722222222222222 0.04132231404958678
1 0.44583333333333336 0.9834710743801653 0.21944444444444444 0.03305785123966942
1 0.9472222222222222 0.6019283746556474 0.1 0.21212121212121213
1 0.9472222222222222 0.3071625344352617 0.1 0.2396694214876033
2 0.5041666666666667 0.5606060606060606 0.46944444444444444 0.465564738292011
1 0.6347222222222222 0.07988980716253444 0.21388888888888888 0.15426997245179064
1 0.46111111111111114 0.8677685950413223 0.24444444444444444 0.18732782369146006
1 0.2708333333333333 0.09504132231404959 0.225 0.18457300275482094
1 0.12083333333333333 0.4972451790633609 0.23055555555555557 0.23415977961432508
1 0.8208333333333333 0.15977961432506887 0.21388888888888888 0.21487603305785125
1 0.8111111111111111 0.37052341597796146 0.22777777777777777 0.19559228650137742
1 0.125 0.9421487603305785 0.18888888888888888 0.11570247933884298
1 0.11666666666666667 0.7865013774104683 0.2111111111111111 0.19008264462809918
1 0.11527777777777778 0.25757575757575757 0.21944444444444444 0.21763085399449036
1 0.8180555555555555 0.9077134986225895 0.2361111111111111 0.18457300275482094