1 0.6305555555555555 0.987603305785124 0.20555555555555555 0.024793388429752067
0 0.9875 0.2465564738292011 0.025 0.10743801652892562
1 0.9791666666666666 0.4696969696969697 0.041666666666666664 0.21212121212121213
1 0.38055555555555554 0.9862258953168044 0.20555555555555555 0.027548209366391185
1 0.8055555555555556 0.24793388429752067 0.2 0.21487603305785125
1 0.6583333333333333 0.15702479338842976 0.2 0.30303030303030304
0 0.30277777777777776 0.44077134986225897 0.06666666666666667 0.06611570247933884
2 0.5041666666666667 0.5 0.39166666666666666 0.3884297520661157
1 0.09027777777777778 0.5647382920110193 0.18055555555555555 0.24793388429752067
1 0.8555555555555555 0.8236914600550964 0.25 0.2369146005509642
1 0.9041666666666667 0.07575757575757576 0.19166666666666668 0.15151515151515152
1 0.6430555555555556 0.7520661157024794 0.19722222222222222 0.19834710743801653
1 0.2361111111111111 0.8402203856749312 0.25 0.209366391184573
1 0.2875 0.15426997245179064 0.2361111111111111 0.22038567493112948