1 0.7111111111111111 0.9862258953168044 0.2222222222222222 0.027548209366391185
1 0.9638888888888889 0.8801652892561983 0.07222222222222222 0.23415977961432508
1 0.3736111111111111 0.030303030303030304 0.2638888888888889 0.06060606060606061
1 0.5402777777777777 0.19146005509641872 0.24722222222222223 0.21763085399449036
2 0.5041666666666667 0.4986225895316804 0.44722222222222224 0.45179063360881544
1 0.8305555555555556 0.8815426997245179 0.23333333333333334 0.23140495867768596
1 0.5513888888888889 0.9380165289256198 0.26944444444444443 0.1184573002754821
1 0.12361111111111112 0.7796143250688705 0.20833333333333334 0.19834710743801653
1 0.2388888888888889 0.9214876033057852 0.25555555555555554 0.15702479338842976
1 0.14722222222222223 0.09228650137741047 0.22777777777777777 0.1790633608815427
1 0.09305555555555556 0.30165289256198347 0.18611111111111112 0.2231404958677686
2 0.9 0.3085399449035813 0.19444444444444445 0.40771349862258954
1 0.4097222222222222 0.8071625344352618 0.24722222222222223 0.21487603305785125
1 0.1638888888888889 0.5192837465564738 0.25555555555555554 0.23415977961432508