1 0.5777777777777777 0.9118457300275482 0.3277777777777778 0.1652892561983471
1 0.7666666666666667 0.39669421487603307 0.18888888888888888 0.1928374655647383
1 0.0625 0.9641873278236914 0.125 0.07162534435261708
1 0.7847222222222222 0.9765840220385675 0.25277777777777777 0.046831955922865015
1 0.7388888888888889 0.31955922865013775 0.2611111111111111 0.31955922865013775
1 0.4097222222222222 0.9848484848484849 0.19166666666666668 0.030303030303030304
0 0.48194444444444445 0.7947658402203857 0.06944444444444445 0.06887052341597796
1 0.08055555555555556 0.15977961432506887 0.16111111111111112 0.2534435261707989
1 0.4097222222222222 0.06611570247933884 0.25277777777777777 0.12672176308539945
1 0.08194444444444444 0.46005509641873277 0.1638888888888889 0.209366391184573
1 0.7694444444444445 0.5895316804407713 0.23333333333333334 0.24242424242424243
1 0.6222222222222222 0.7589531680440771 0.25 0.2396694214876033
2 0.5041666666666667 0.918732782369146 0.14166666666666666 0.12396694214876033
1 0.9111111111111111 0.48760330578512395 0.17222222222222222 0.2644628099173554
1 0.23333333333333334 0.3691460055096419 0.25 0.24793388429752067
2 0.49583333333333335 0.49449035812672176 0.375 0.36639118457300274
1 0.7722222222222223 0.8677685950413223 0.21666666666666667 0.209366391184573
1 0.25416666666666665 0.15151515151515152 0.21388888888888888 0.21487603305785125
1 0.2652777777777778 0.8746556473829201 0.24722222222222223 0.23415977961432508