1 0.29305555555555557 0.9242424242424242 0.24722222222222223 0.14049586776859505
1 0.06666666666666667 0.05234159779614325 0.13333333333333333 0.1046831955922865
1 0.03888888888888889 0.512396694214876 0.07222222222222222 0.22038567493112948
1 0.9777777777777777 0.38705234159779617 0.03888888888888889 0.21763085399449036
1 0.07916666666666666 0.7410468319559229 0.15833333333333333 0.22038567493112948
2 0.49722222222222223 0.5068870523415978 0.46111111111111114 0.46831955922865015
1 0.8125 0.07300275482093664 0.225 0.14600550964187328
1 0.5805555555555556 0.06611570247933884 0.25 0.1322314049586777
1 0.6861111111111111 0.7768595041322314 0.22777777777777777 0.22589531680440772
1 0.9208333333333333 0.1790633608815427 0.1527777777777778 0.22038567493112948
1 0.8847222222222222 0.6928374655647382 0.21944444444444444 0.2396694214876033
1 0.7277777777777777 0.940771349862259 0.22777777777777777 0.1184573002754821
1 0.8069444444444445 0.39669421487603307 0.20833333333333334 0.22038567493112948
1 0.25555555555555554 0.7134986225895317 0.2 0.20385674931129477
1 0.6694444444444444 0.21074380165289255 0.25555555555555554 0.2066115702479339
1 0.22777777777777777 0.09228650137741047 0.2222222222222222 0.1790633608815427
1 0.26805555555555555 0.2741046831955923 0.21944444444444444 0.21212121212121213
1 0.49444444444444446 0.8898071625344353 0.2 0.20385674931129477