1 0.9541666666666667 0.6804407713498623 0.08611111111111111 0.2809917355371901
1 0.2847222222222222 0.2713498622589532 0.24722222222222223 0.2066115702479339
1 0.7375 0.5730027548209367 0.20833333333333334 0.2644628099173554
1 0.7277777777777777 0.8319559228650137 0.2388888888888889 0.2644628099173554
1 0.8888888888888888 0.4132231404958678 0.2111111111111111 0.20385674931129477
1 0.18472222222222223 0.38980716253443526 0.24722222222222223 0.2231404958677686
1 0.19305555555555556 0.6088154269972452 0.2638888888888889 0.24242424242424243
2 0.5013888888888889 0.49586776859504134 0.4361111111111111 0.4628099173553719
1 0.5388888888888889 0.7865013774104683 0.26666666666666666 0.2066115702479339
1 0.2777777777777778 0.14325068870523416 0.25555555555555554 0.19834710743801653
2 0.7694444444444445 0.11019283746556474 0.23333333333333334 0.22038567493112948