1 0.4152777777777778 0.8195592286501377 0.325 0.3333333333333333
1 0.8638888888888889 0.013774104683195593 0.2111111111111111 0.027548209366391185
1 0.5472222222222223 0.9793388429752066 0.17222222222222222 0.04132231404958678
1 0.05 0.3884297520661157 0.1 0.18181818181818182
1 0.16666666666666666 0.5633608815426997 0.24444444444444444 0.1790633608815427
0 0.7791666666666667 0.16115702479338842 0.10833333333333334 0.08539944903581267
1 0.5513888888888889 0.9325068870523416 0.18611111111111112 0.1349862258953168
1 0.6875 0.7933884297520661 0.23055555555555557 0.24242424242424243
1 0.2569444444444444 0.6666666666666666 0.24166666666666667 0.1763085399449036
1 0.3902777777777778 0.7892561983471075 0.2361111111111111 0.17355371900826447
1 0.06666666666666667 0.20523415977961432 0.13333333333333333 0.18457300275482094
1 0.8875 0.2727272727272727 0.21944444444444444 0.19834710743801653
1 0.6361111111111111 0.05785123966942149 0.17777777777777778 0.11570247933884298
1 0.4111111111111111 0.0440771349862259 0.17777777777777778 0.0881542699724518
2 0.5 0.49586776859504134 0.4111111111111111 0.418732782369146
1 0.9208333333333333 0.8636363636363636 0.1527777777777778 0.19559228650137742
1 0.6347222222222222 0.19008264462809918 0.19166666666666668 0.20385674931129477
1 0.7819444444444444 0.6267217630853994 0.20833333333333334 0.2066115702479339
1 0.225 0.10743801652892562 0.20555555555555555 0.20385674931129477
1 0.4 0.1721763085399449 0.19444444444444445 0.17355371900826447