1 0.2763888888888889 0.8264462809917356 0.2972222222222222 0.34710743801652894
1 0.9513888888888888 0.5 0.09722222222222222 0.27823691460055094
1 0.5888888888888889 0.7699724517906336 0.3111111111111111 0.21212121212121213
1 0.04027777777777778 0.9090909090909091 0.08055555555555556 0.18181818181818182
1 0.5736111111111111 0.9765840220385675 0.24166666666666667 0.046831955922865015
1 0.8361111111111111 0.8057851239669421 0.2222222222222222 0.25068870523415976
1 0.5111111111111111 0.16115702479338842 0.21666666666666667 0.26170798898071623
1 0.6805555555555556 0.26721763085399447 0.2111111111111111 0.18732782369146006
1 0.17222222222222222 0.9614325068870524 0.23333333333333334 0.07713498622589532
1 0.15138888888888888 0.10743801652892562 0.225 0.209366391184573
1 0.2222222222222222 0.640495867768595 0.2611111111111111 0.22865013774104684
1 0.7861111111111111 0.4297520661157025 0.24444444444444444 0.23140495867768596
2 0.5027777777777778 0.4972451790633609 0.38333333333333336 0.41597796143250687