1 0.1638888888888889 0.015151515151515152 0.2 0.030303030303030304
1 0.9277777777777778 0.32231404958677684 0.1388888888888889 0.20385674931129477
1 0.8388888888888889 0.453168044077135 0.21666666666666667 0.19559228650137742
0 0.8583333333333333 0.026170798898071626 0.1 0.046831955922865015
1 0.9430555555555555 0.7741046831955923 0.10833333333333334 0.23140495867768596
2 0.5013888888888889 0.5055096418732782 0.41388888888888886 0.4325068870523416
1 0.34305555555555556 0.0743801652892562 0.21944444444444444 0.1487603305785124
0 0.2513888888888889 0.19008264462809918 0.09166666666666666 0.06611570247933884
1 0.17777777777777778 0.30578512396694213 0.23333333333333334 0.1928374655647383
1 0.4027777777777778 0.23829201101928374 0.24444444444444444 0.20110192837465565
1 0.3375 0.8980716253443526 0.24722222222222223 0.19834710743801653
1 0.825 0.8787878787878788 0.21666666666666667 0.20385674931129477