1 0.1986111111111111 0.987603305785124 0.20277777777777778 0.024793388429752067
1 0.7583333333333333 0.4366391184573003 0.2 0.2066115702479339
1 0.7180555555555556 0.024793388429752067 0.21388888888888888 0.049586776859504134
1 0.1625 0.07024793388429752 0.28055555555555556 0.1349862258953168
1 0.48055555555555557 0.7823691460055097 0.2222222222222222 0.18181818181818182
1 0.9361111111111111 0.9573002754820936 0.12777777777777777 0.08539944903581267
1 0.08055555555555556 0.8484848484848485 0.16111111111111112 0.21487603305785125
1 0.7597222222222222 0.9765840220385675 0.23055555555555557 0.046831955922865015
1 0.24583333333333332 0.24242424242424243 0.225 0.21487603305785125
1 0.6152777777777778 0.7534435261707989 0.19166666666666668 0.18457300275482094
1 0.9069444444444444 0.05371900826446281 0.18055555555555555 0.10743801652892562
1 0.1125 0.512396694214876 0.21944444444444444 0.22038567493112948
1 0.5041666666666667 0.931129476584022 0.25833333333333336 0.1322314049586777
1 0.6444444444444445 0.13360881542699724 0.25 0.20110192837465565
1 0.8777777777777778 0.2465564738292011 0.2222222222222222 0.22865013774104684
2 0.49583333333333335 0.5179063360881543 0.41944444444444445 0.40771349862258954