1 0.31527777777777777 0.9862258953168044 0.1638888888888889 0.027548209366391185
1 0.9597222222222223 0.22865013774104684 0.075 0.22038567493112948
1 0.9638888888888889 0.8884297520661157 0.06666666666666667 0.2231404958677686
1 0.29583333333333334 0.02066115702479339 0.19722222222222222 0.04132231404958678
1 0.9013888888888889 0.30578512396694213 0.18611111111111112 0.11019283746556474
1 0.3902777777777778 0.20798898071625344 0.24166666666666667 0.2396694214876033
1 0.20694444444444443 0.9104683195592287 0.25277777777777777 0.1790633608815427
1 0.8916666666666667 0.08953168044077135 0.19444444444444445 0.1790633608815427
1 0.6805555555555556 0.1487603305785124 0.21666666666666667 0.23140495867768596
1 0.20833333333333334 0.7148760330578512 0.22777777777777777 0.1790633608815427
2 0.5041666666666667 0.5330578512396694 0.44166666666666665 0.45454545454545453
1 0.22777777777777777 0.5399449035812672 0.17222222222222222 0.20385674931129477
1 0.7166666666666667 0.9201101928374655 0.21666666666666667 0.15977961432506887