1 0.7388888888888889 0.02066115702479339 0.29444444444444445 0.04132231404958678
1 0.10694444444444444 0.048209366391184574 0.21388888888888888 0.09641873278236915
1 0.9222222222222223 0.5674931129476584 0.15 0.2699724517906336
1 0.5125 0.03168044077134986 0.225 0.06336088154269973
0 0.5458333333333333 0.7933884297520661 0.08611111111111111 0.08264462809917356
2 0.5013888888888889 0.49449035812672176 0.4361111111111111 0.4380165289256198
1 0.7736111111111111 0.9449035812672176 0.25277777777777777 0.11019283746556474
1 0.55 0.9476584022038568 0.22777777777777777 0.1046831955922865
1 0.23194444444444445 0.7479338842975206 0.225 0.256198347107438
1 0.6833333333333333 0.10330578512396695 0.2722222222222222 0.19008264462809918
1 0.7902777777777777 0.4696969696969697 0.20277777777777778 0.2396694214876033
1 0.6652777777777777 0.2713498622589532 0.2638888888888889 0.19559228650137742
1 0.14166666666666666 0.9242424242424242 0.2777777777777778 0.15151515151515152
1 0.4638888888888889 0.16115702479338842 0.22777777777777777 0.21212121212121213