1 0.9861111111111112 0.10606060606060606 0.027777777777777776 0.21212121212121213
1 0.05138888888888889 0.15702479338842976 0.10277777777777777 0.2865013774104683
1 0.9819444444444444 0.4228650137741047 0.03611111111111111 0.18457300275482094
1 0.04583333333333333 0.4903581267217631 0.09166666666666666 0.22589531680440772
1 0.8555555555555555 0.9338842975206612 0.19444444444444445 0.1322314049586777
1 0.5152777777777777 0.10055096418732783 0.21944444444444444 0.1790633608815427
1 0.7527777777777778 0.049586776859504134 0.23333333333333334 0.09917355371900827
1 0.1111111111111111 0.027548209366391185 0.2222222222222222 0.05509641873278237
1 0.09027777777777778 0.23829201101928374 0.18055555555555555 0.19559228650137742
1 0.9277777777777778 0.5895316804407713 0.13333333333333333 0.22038567493112948
1 0.37083333333333335 0.046831955922865015 0.2361111111111111 0.09366391184573003
1 0.8694444444444445 0.8842975206611571 0.25 0.23140495867768596
1 0.5097222222222222 0.800275482093664 0.21388888888888888 0.21763085399449036
2 0.5 0.49449035812672176 0.45555555555555555 0.4490358126721763
1 0.7625 0.6294765840220385 0.24722222222222223 0.2396694214876033
1 0.17777777777777778 0.5165289256198347 0.22777777777777777 0.23415977961432508
1 0.09305555555555556 0.8815426997245179 0.18611111111111112 0.23140495867768596
1 0.6805555555555556 0.22589531680440772 0.2222222222222222 0.209366391184573
1 0.8805555555555555 0.2231404958677686 0.21666666666666667 0.209366391184573