1 0.1986111111111111 0.987603305785124 0.19722222222222222 0.024793388429752067
1 0.65 0.7107438016528925 0.22777777777777777 0.19834710743801653
1 0.7486111111111111 0.29476584022038566 0.19722222222222222 0.1763085399449036
1 0.9819444444444444 0.5647382920110193 0.03611111111111111 0.25895316804407714
1 0.8875 0.19696969696969696 0.21388888888888888 0.24517906336088155
1 0.5958333333333333 0.027548209366391185 0.225 0.05509641873278237
1 0.5833333333333334 0.8181818181818182 0.19444444444444445 0.1928374655647383
1 0.6027777777777777 0.9586776859504132 0.23333333333333334 0.08264462809917356
1 0.3347222222222222 0.04132231404958678 0.21388888888888888 0.08264462809917356
1 0.8305555555555556 0.03581267217630854 0.2111111111111111 0.07162534435261708
1 0.08055555555555556 0.4256198347107438 0.16111111111111112 0.2396694214876033
1 0.1388888888888889 0.06887052341597796 0.2 0.1322314049586777
1 0.8722222222222222 0.6914600550964187 0.25 0.22589531680440772
1 0.11805555555555555 0.6294765840220385 0.2361111111111111 0.23415977961432508
2 0.49583333333333335 0.5165289256198347 0.36944444444444446 0.42699724517906334
1 0.3972222222222222 0.21487603305785125 0.2222222222222222 0.23140495867768596
1 0.1638888888888889 0.8567493112947658 0.22777777777777777 0.23140495867768596
1 0.8972222222222223 0.418732782369146 0.20555555555555555 0.209366391184573
1 0.3888888888888889 0.9049586776859504 0.21666666666666667 0.19008264462809918
1 0.1375 0.22865013774104684 0.25833333333333336 0.1652892561983471