1 0.8652777777777778 0.29614325068870523 0.25833333333333336 0.25068870523415976
1 0.4263888888888889 0.027548209366391185 0.24166666666666667 0.049586776859504134
1 0.9402777777777778 0.5674931129476584 0.11388888888888889 0.209366391184573
0 0.7902777777777777 0.1721763085399449 0.11388888888888889 0.14049586776859505
0 0.09861111111111111 0.18044077134986225 0.08055555555555556 0.06887052341597796
2 0.5027777777777778 0.4986225895316804 0.4777777777777778 0.46831955922865015
1 0.11666666666666667 0.06611570247933884 0.23333333333333334 0.1322314049586777
1 0.18472222222222223 0.3856749311294766 0.2861111111111111 0.3305785123966942
1 0.6416666666666667 0.20385674931129477 0.2222222222222222 0.22038567493112948
1 0.4444444444444444 0.1184573002754821 0.23333333333333334 0.209366391184573
2 0.14444444444444443 0.7603305785123967 0.2833333333333333 0.2699724517906336
1 0.725 0.8099173553719008 0.2 0.209366391184573
1 0.8986111111111111 0.768595041322314 0.19722222222222222 0.209366391184573